stn
MT=(0.001,0.001,0.002)
NC=(24,36.016,48)
NM=(7,10.732,11)
CR=(54.167,68.366,81.25)
TWC=(0.133,0.144,0.163)
TDC=(0.133,0.144,0.163)
stnd
MT=(0.001,0.002,0.003)
NC=(24,36.064,48)
NM=(7,10.894,17)
CR=(37.5,67.865,81.25)
TWC=(0.133,0.146,0.172)
TDC=(0.133,0.146,0.172)
stnu
MT=(0.001,0.001,0.003)
NC=(18,28.956,36)
NM=(5,8.558,9)
CR=(50.0,69.025,80.556)
TWC=(0.131,0.143,0.161)
TDC=(0.21,0.294,0.417)
cstn
MT=(0.002,0.002,0.003)
NC=(24,36.256,48)
NM=(7,10.914,17)
CR=(29.167,68.044,81.25)
TWC=(0.268,0.468,2.178)
TDC=(0.138,0.617,3.179)
stnud
MT=(0.001,0.002,0.003)
NC=(18,29.544,36)
NM=(5,8.678,13)
CR=(38.889,69.373,80.556)
TWC=(0.133,0.145,0.175)
TDC=(0.253,0.559,2.427)
cstnd
MT=(0.002,0.002,0.005)
NC=(24,37.296,48)
NM=(7,11.338,19)
CR=(29.167,67.74,81.25)
TWC=(0.27,0.476,0.635)
TDC=(0.334,10.035,926.388)
cstnu
MT=(0.001,0.002,0.003)
NC=(18,29.724,36)
NM=(5,8.672,11)
CR=(50.0,69.563,80.556)
TWC=(0.264,0.451,0.631)
TDC=(0.17,0.531,1.505)
cstnud
MT=(0.001,0.002,0.003)
NC=(18,29.7,36)
NM=(5,8.816,15)
CR=(38.889,69.017,80.556)
TWC=(0.27,0.452,0.633)
TDC=(0.305,3.266,160.558)
