dataset/cstnd/0001 1 0.00186920166015625 40 11 1 0.5840251445770264 1 3.1836965084075928
dataset/cstnd/0002 1 0.002887725830078125 48 11 1 0.5789303779602051 1 7.2023561000823975
dataset/cstnd/0003 1 0.0017457008361816406 32 11 1 0.6348578929901123 1 1.8467133045196533
dataset/cstnd/0004 1 0.0029556751251220703 48 11 1 0.28893184661865234 1 2.372196674346924
dataset/cstnd/0005 1 0.0018715858459472656 40 13 1 0.5753262042999268 1 7.284688472747803
dataset/cstnd/0006 1 0.0017733573913574219 32 11 1 0.29335594177246094 1 1.7347157001495361
dataset/cstnd/0007 1 0.002653837203979492 32 9 1 0.2866380214691162 1 0.8363754749298096
dataset/cstnd/0008 1 0.0019893646240234375 48 11 1 0.5867631435394287 1 11.416142463684082
dataset/cstnd/0009 1 0.001772165298461914 32 11 1 0.29024243354797363 1 2.4833292961120605
dataset/cstnd/0010 1 0.0017039775848388672 32 9 1 0.27778148651123047 1 0.5608317852020264
dataset/cstnd/0011 1 0.0020914077758789062 48 11 1 0.5792989730834961 1 7.520225763320923
dataset/cstnd/0012 1 0.001678466796875 24 11 1 0.2859764099121094 1 1.0885467529296875
dataset/cstnd/0013 1 0.0016658306121826172 24 11 1 0.2982158660888672 1 0.5453670024871826
dataset/cstnd/0014 1 0.0019218921661376953 48 11 1 0.5744991302490234 1 4.1505303382873535
dataset/cstnd/0015 1 0.0019412040710449219 48 11 1 0.5734677314758301 1 1.8894636631011963
dataset/cstnd/0016 1 0.0015614032745361328 24 11 1 0.5705173015594482 1 1.8693695068359375
dataset/cstnd/0017 1 0.0019359588623046875 40 11 1 0.5725164413452148 1 1.634347915649414
dataset/cstnd/0018 1 0.0019228458404541016 40 13 1 0.5858428478240967 1 2.267486095428467
dataset/cstnd/0019 1 0.0018603801727294922 40 11 1 0.2865767478942871 1 1.5169603824615479
dataset/cstnd/0020 1 0.001898050308227539 40 11 1 0.5833835601806641 1 5.525822162628174
dataset/cstnd/0021 1 0.0018167495727539062 32 11 1 0.5712597370147705 1 2.621396064758301
dataset/cstnd/0022 1 0.0018744468688964844 40 9 1 0.5733335018157959 1 3.0337090492248535
dataset/cstnd/0023 1 0.0019490718841552734 48 11 1 0.2841203212738037 1 1.601322889328003
dataset/cstnd/0024 1 0.001706838607788086 24 13 1 0.2886955738067627 1 5.076287746429443
dataset/cstnd/0025 1 0.0021147727966308594 40 11 1 0.5788862705230713 1 7.327991008758545
dataset/cstnd/0026 1 0.0023632049560546875 48 13 1 0.582855224609375 1 28.689554691314697
dataset/cstnd/0027 1 0.0020639896392822266 48 11 1 0.280580997467041 1 1.4925801753997803
dataset/cstnd/0028 1 0.0019333362579345703 48 11 1 0.5976591110229492 1 1.5233173370361328
dataset/cstnd/0029 1 0.002040863037109375 48 11 1 0.28492021560668945 1 0.8753798007965088
dataset/cstnd/0030 1 0.0019345283508300781 40 11 1 0.2939305305480957 1 1.172241449356079
dataset/cstnd/0031 1 0.0019350051879882812 32 13 1 0.582679271697998 1 1.1285655498504639
dataset/cstnd/0032 1 0.002097606658935547 48 13 1 0.578479528427124 1 17.708786725997925
dataset/cstnd/0033 1 0.001748800277709961 32 13 1 0.5904428958892822 1 14.931146383285522
dataset/cstnd/0034 1 0.0018649101257324219 40 11 1 0.5723183155059814 1 1.3375287055969238
dataset/cstnd/0035 1 0.0017578601837158203 32 11 1 0.28961992263793945 1 0.5811090469360352
dataset/cstnd/0036 1 0.001966714859008789 48 11 1 0.5689289569854736 1 1.7041311264038086
dataset/cstnd/0037 1 0.0017695426940917969 32 9 1 0.29024600982666016 1 1.2633934020996094
dataset/cstnd/0038 1 0.0016775131225585938 32 13 1 0.5730302333831787 1 2.3205230236053467
dataset/cstnd/0039 1 0.001859426498413086 32 11 1 0.5770678520202637 1 11.550688743591309
dataset/cstnd/0040 1 0.001971721649169922 48 11 1 0.5729377269744873 1 7.129878044128418
dataset/cstnd/0041 1 0.002087116241455078 48 11 1 0.5776183605194092 1 6.7256386280059814
dataset/cstnd/0042 1 0.001737356185913086 24 15 1 0.5817251205444336 1 99.30373334884644
dataset/cstnd/0043 1 0.0017533302307128906 32 9 1 0.28568220138549805 1 0.5321295261383057
dataset/cstnd/0044 1 0.0020623207092285156 48 11 1 0.5754895210266113 1 1.5840089321136475
dataset/cstnd/0045 1 0.002075672149658203 48 11 1 0.2905538082122803 1 1.8457038402557373
dataset/cstnd/0046 1 0.0027875900268554688 32 11 1 0.5799479484558105 1 1.043414831161499
dataset/cstnd/0047 1 0.002009868621826172 40 11 1 0.28171372413635254 1 0.8053984642028809
dataset/cstnd/0048 1 0.0017707347869873047 32 11 1 0.2874021530151367 1 0.484588623046875
dataset/cstnd/0049 1 0.0016117095947265625 24 9 1 0.2817072868347168 1 0.5443322658538818
dataset/cstnd/0050 1 0.002833127975463867 40 11 1 0.5673444271087646 1 2.8078629970550537
dataset/cstnd/0051 1 0.001984834671020508 48 13 1 0.5721251964569092 1 15.351181983947754
dataset/cstnd/0052 1 0.0017766952514648438 32 11 1 0.29885029792785645 1 0.9082825183868408
dataset/cstnd/0053 1 0.0017757415771484375 32 11 1 0.5814878940582275 1 1.0210134983062744
dataset/cstnd/0054 1 0.0016057491302490234 24 9 1 0.5628671646118164 1 0.6839199066162109
dataset/cstnd/0055 1 0.0020513534545898438 48 13 1 0.29500555992126465 1 2.5126309394836426
dataset/cstnd/0056 1 0.00201416015625 48 11 1 0.5807335376739502 1 7.682387113571167
dataset/cstnd/0057 1 0.0017125606536865234 24 9 1 0.5612843036651611 1 0.8323512077331543
dataset/cstnd/0058 1 0.0018608570098876953 32 11 1 0.5736179351806641 1 5.466403484344482
dataset/cstnd/0059 1 0.001703500747680664 24 11 1 0.2888517379760742 1 0.7623088359832764
dataset/cstnd/0060 1 0.0019311904907226562 40 11 1 0.5836288928985596 1 2.013737678527832
dataset/cstnd/0061 1 0.0017702579498291016 32 11 1 0.6059873104095459 1 1.4190235137939453
dataset/cstnd/0062 1 0.0018982887268066406 48 11 1 0.5790657997131348 1 1.7751054763793945
dataset/cstnd/0063 1 0.0020008087158203125 40 11 1 0.5744175910949707 1 2.936370372772217
dataset/cstnd/0064 1 0.0016672611236572266 24 11 1 0.2813742160797119 1 0.49191999435424805
dataset/cstnd/0065 1 0.0019893646240234375 48 11 1 0.5645856857299805 1 1.4283926486968994
dataset/cstnd/0066 1 0.0016341209411621094 24 9 1 0.2901339530944824 1 0.7522387504577637
dataset/cstnd/0067 1 0.002001523971557617 40 15 1 0.5769362449645996 1 45.699854135513306
dataset/cstnd/0068 1 0.0018398761749267578 32 13 1 0.578700065612793 1 0.7346882820129395
dataset/cstnd/0069 1 0.0019788742065429688 48 11 1 0.2910804748535156 1 2.961782217025757
dataset/cstnd/0070 1 0.0020303726196289062 48 11 1 0.5807771682739258 1 2.661992311477661
dataset/cstnd/0071 1 0.001979351043701172 48 11 1 0.27764415740966797 1 2.3204634189605713
dataset/cstnd/0072 1 0.001928567886352539 40 11 1 0.5729711055755615 1 3.0812437534332275
dataset/cstnd/0073 1 0.0016596317291259766 24 11 1 0.5735864639282227 1 10.037514925003052
dataset/cstnd/0074 1 0.001878499984741211 40 11 1 0.2888970375061035 1 0.7276015281677246
dataset/cstnd/0075 1 0.00188446044921875 40 11 1 0.5766739845275879 1 35.25267148017883
dataset/cstnd/0076 1 0.0017845630645751953 32 11 1 0.5813009738922119 1 1.0474021434783936
dataset/cstnd/0077 1 0.0017549991607666016 32 11 1 0.5799758434295654 1 2.6532015800476074
dataset/cstnd/0078 1 0.0017728805541992188 24 13 1 0.5766232013702393 1 11.04769515991211
dataset/cstnd/0079 1 0.0018851757049560547 40 13 1 0.5865201950073242 1 2.0924174785614014
dataset/cstnd/0080 1 0.0018830299377441406 40 11 1 0.5711879730224609 1 7.082467079162598
dataset/cstnd/0081 1 0.0016450881958007812 24 9 1 0.5772092342376709 1 1.7187995910644531
dataset/cstnd/0082 1 0.0016777515411376953 32 11 1 0.28594279289245605 1 0.9569873809814453
dataset/cstnd/0083 1 0.0019378662109375 40 13 1 0.5771968364715576 1 7.230590581893921
dataset/cstnd/0084 1 0.0018815994262695312 40 11 1 0.5720601081848145 1 1.467254877090454
dataset/cstnd/0085 1 0.0017344951629638672 32 9 1 0.5763556957244873 1 0.81034255027771
dataset/cstnd/0086 1 0.001856088638305664 40 11 1 0.2843751907348633 1 1.1619644165039062
dataset/cstnd/0087 1 0.0017445087432861328 32 11 1 0.29133009910583496 1 1.8010375499725342
dataset/cstnd/0088 1 0.005342721939086914 48 11 1 0.2902252674102783 1 1.3978111743927002
dataset/cstnd/0089 1 0.0019452571868896484 40 11 1 0.5744969844818115 1 6.706214666366577
dataset/cstnd/0090 1 0.001928091049194336 40 11 1 0.28899621963500977 1 1.0363764762878418
dataset/cstnd/0091 1 0.001863718032836914 40 11 1 0.5640294551849365 1 1.0220203399658203
dataset/cstnd/0092 1 0.0019981861114501953 48 11 1 0.28707289695739746 1 2.4723567962646484
dataset/cstnd/0093 1 0.001714468002319336 24 11 1 0.2850019931793213 1 2.9234471321105957
dataset/cstnd/0094 1 0.00205230712890625 48 11 1 0.6134045124053955 1 2.061721086502075
dataset/cstnd/0095 1 0.0019936561584472656 48 11 1 0.5724856853485107 1 3.75616455078125
dataset/cstnd/0096 1 0.0017704963684082031 40 11 1 0.2877936363220215 1 1.4057035446166992
dataset/cstnd/0097 1 0.0019829273223876953 48 11 1 0.5814645290374756 1 1.4491627216339111
dataset/cstnd/0098 1 0.001978158950805664 40 13 1 0.5943186283111572 1 3.6383447647094727
dataset/cstnd/0099 1 0.0020215511322021484 48 13 1 0.5708975791931152 1 11.764338970184326
dataset/cstnd/0100 1 0.001932382583618164 40 11 1 0.5758094787597656 1 4.087637424468994
dataset/cstnd/0101 1 0.0017349720001220703 32 11 1 0.28623247146606445 1 1.7615609169006348
dataset/cstnd/0102 1 0.0019922256469726562 48 11 1 0.5727241039276123 1 17.369630336761475
dataset/cstnd/0103 1 0.0017480850219726562 32 11 1 0.5769941806793213 1 1.3100214004516602
dataset/cstnd/0104 1 0.002011537551879883 48 13 1 0.578542947769165 1 18.09386682510376
dataset/cstnd/0105 1 0.0017271041870117188 24 13 1 0.28692626953125 1 0.8274168968200684
dataset/cstnd/0106 1 0.001772165298461914 32 11 1 0.2932157516479492 1 2.634565591812134
dataset/cstnd/0107 1 0.0019297599792480469 40 11 1 0.5689175128936768 1 2.043374538421631
dataset/cstnd/0108 1 0.0016751289367675781 32 11 1 0.5827937126159668 1 7.580808162689209
dataset/cstnd/0109 1 0.0016484260559082031 24 9 1 0.5789279937744141 1 0.5768814086914062
dataset/cstnd/0110 1 0.0018570423126220703 32 13 1 0.5782170295715332 1 3.2056567668914795
dataset/cstnd/0111 1 0.0017671585083007812 32 11 1 0.5599231719970703 1 3.7733821868896484
dataset/cstnd/0112 1 0.0018277168273925781 40 11 1 0.5737836360931396 1 4.58831000328064
dataset/cstnd/0113 1 0.0017483234405517578 32 11 1 0.5806581974029541 1 2.942504405975342
dataset/cstnd/0114 1 0.0017313957214355469 32 11 1 0.579216480255127 1 1.3575425148010254
dataset/cstnd/0115 1 0.0020401477813720703 48 11 1 0.5782322883605957 1 7.260817766189575
dataset/cstnd/0116 1 0.002095937728881836 48 15 1 0.2772336006164551 1 2.660987138748169
dataset/cstnd/0117 1 0.002058744430541992 48 11 1 0.5707869529724121 1 19.82162380218506
dataset/cstnd/0118 1 0.0019440650939941406 32 13 1 0.5783841609954834 1 2.7761876583099365
dataset/cstnd/0119 1 0.0017998218536376953 32 11 1 0.5784072875976562 1 0.8094966411590576
dataset/cstnd/0120 1 0.002088308334350586 48 9 1 0.5694317817687988 1 2.9731853008270264
dataset/cstnd/0121 1 0.0020308494567871094 48 11 1 0.5621654987335205 1 1.643364667892456
dataset/cstnd/0122 1 0.0018420219421386719 40 11 1 0.2941412925720215 1 1.5677103996276855
dataset/cstnd/0123 1 0.002918720245361328 48 11 1 0.5885732173919678 1 1.883063554763794
dataset/cstnd/0124 1 0.0017309188842773438 24 13 1 0.5735995769500732 1 0.9530525207519531
dataset/cstnd/0125 1 0.0026535987854003906 32 11 1 0.5714623928070068 1 1.8352160453796387
dataset/cstnd/0126 1 0.0017092227935791016 24 13 1 0.5936520099639893 1 11.987516641616821
dataset/cstnd/0127 1 0.001943349838256836 40 15 1 0.5928916931152344 1 4.484194993972778
dataset/cstnd/0128 1 0.001708984375 32 11 1 0.5711369514465332 1 1.2883005142211914
dataset/cstnd/0129 1 0.0019104480743408203 40 11 1 0.575005292892456 1 1.1288855075836182
dataset/cstnd/0130 1 0.0017325878143310547 32 11 1 0.5978648662567139 1 2.28424072265625
dataset/cstnd/0131 1 0.0018782615661621094 40 11 1 0.2905404567718506 1 6.27263879776001
dataset/cstnd/0132 1 0.0017802715301513672 32 11 1 0.28535962104797363 1 2.8383781909942627
dataset/cstnd/0133 1 0.001825571060180664 24 11 1 0.5800988674163818 1 1.5388319492340088
dataset/cstnd/0134 1 0.0020034313201904297 48 9 1 0.28174686431884766 1 0.4925353527069092
dataset/cstnd/0135 1 0.0019116401672363281 40 11 1 0.5949113368988037 1 8.923820972442627
dataset/cstnd/0136 1 0.0015325546264648438 24 11 1 0.29207420349121094 1 0.4665954113006592
dataset/cstnd/0137 1 0.0017800331115722656 32 11 1 0.2859995365142822 1 0.6377551555633545
dataset/cstnd/0138 1 0.0025801658630371094 40 11 1 0.566481351852417 1 1.6383726596832275
dataset/cstnd/0139 1 0.0017514228820800781 32 11 1 0.5724611282348633 1 1.710094690322876
dataset/cstnd/0140 1 0.00177764892578125 32 9 1 0.5672051906585693 1 0.8323934078216553
dataset/cstnd/0141 1 0.0017540454864501953 24 13 1 0.5722124576568604 1 1.2019784450531006
dataset/cstnd/0142 1 0.0018656253814697266 40 11 1 0.5776236057281494 1 28.21522092819214
dataset/cstnd/0143 1 0.001680135726928711 24 11 1 0.5810339450836182 1 1.807481288909912
dataset/cstnd/0144 1 0.0018954277038574219 40 11 1 0.30342864990234375 1 1.8457465171813965
dataset/cstnd/0145 1 0.0017573833465576172 32 11 1 0.5670228004455566 1 1.48024320602417
dataset/cstnd/0146 1 0.0016782283782958984 24 11 1 0.29427051544189453 1 0.42682719230651855
dataset/cstnd/0147 1 0.002039670944213867 48 11 1 0.5778610706329346 1 9.947368621826172
dataset/cstnd/0148 1 0.0018131732940673828 32 11 1 0.5648043155670166 1 1.0707015991210938
dataset/cstnd/0149 1 0.0017495155334472656 32 11 1 0.2869548797607422 1 0.5838503837585449
dataset/cstnd/0150 1 0.0018813610076904297 32 11 1 0.5714859962463379 1 6.048189401626587
dataset/cstnd/0151 1 0.0021164417266845703 40 19 1 0.5921385288238525 1 330.47023272514343
dataset/cstnd/0152 1 0.0018804073333740234 32 11 1 0.581700325012207 1 5.410420179367065
dataset/cstnd/0153 1 0.0019266605377197266 40 13 1 0.29599833488464355 1 1.2422449588775635
dataset/cstnd/0154 1 0.0017840862274169922 32 13 1 0.29029130935668945 1 1.2743592262268066
dataset/cstnd/0155 1 0.0019223690032958984 40 11 1 0.570296049118042 1 7.478329658508301
dataset/cstnd/0156 1 0.001712799072265625 32 11 1 0.2935492992401123 1 0.6868090629577637
dataset/cstnd/0157 1 0.0017368793487548828 24 13 1 0.593278169631958 1 4.018751621246338
dataset/cstnd/0158 1 0.0019237995147705078 40 11 1 0.2958343029022217 1 3.113358497619629
dataset/cstnd/0159 1 0.0017845630645751953 32 9 1 0.28635263442993164 1 0.49541807174682617
dataset/cstnd/0160 1 0.0020723342895507812 48 11 1 0.5745816230773926 1 14.054149627685547
dataset/cstnd/0161 1 0.0017216205596923828 32 11 1 0.5763261318206787 1 0.815467119216919
dataset/cstnd/0162 1 0.0020651817321777344 48 11 1 0.5780665874481201 1 7.246641159057617
dataset/cstnd/0163 1 0.0019230842590332031 40 11 1 0.2890739440917969 1 1.063610315322876
dataset/cstnd/0164 1 0.002028226852416992 48 11 1 0.2877671718597412 1 2.061579942703247
dataset/cstnd/0165 1 0.002025127410888672 48 11 1 0.2975795269012451 1 1.3138530254364014
dataset/cstnd/0166 1 0.0019829273223876953 40 11 1 0.5724937915802002 1 7.211458683013916
dataset/cstnd/0167 1 0.001790761947631836 32 13 1 0.5579113960266113 1 6.070016384124756
dataset/cstnd/0168 1 0.0016210079193115234 24 13 1 0.5987379550933838 1 1.1101155281066895
dataset/cstnd/0169 1 0.0021638870239257812 48 13 1 0.5771913528442383 1 14.376840829849243
dataset/cstnd/0170 1 0.0017180442810058594 32 11 1 0.290435791015625 1 0.5728042125701904
dataset/cstnd/0171 1 0.0020067691802978516 48 11 1 0.5666487216949463 1 3.9646506309509277
dataset/cstnd/0172 1 0.00208282470703125 40 11 1 0.29015350341796875 1 0.9453272819519043
dataset/cstnd/0173 1 0.0018754005432128906 40 11 1 0.575293779373169 1 2.3467295169830322
dataset/cstnd/0174 1 0.00193023681640625 40 11 1 0.29152512550354004 1 1.297640085220337
dataset/cstnd/0175 1 0.0020437240600585938 48 11 1 0.601506233215332 1 1.3734657764434814
dataset/cstnd/0176 1 0.0017466545104980469 24 11 1 0.581841230392456 1 4.633796453475952
dataset/cstnd/0177 1 0.0020401477813720703 48 11 1 0.5722823143005371 1 5.917294025421143
dataset/cstnd/0178 1 0.001941680908203125 40 11 1 0.28383517265319824 1 0.86551833152771
dataset/cstnd/0179 1 0.002069711685180664 48 11 1 0.5770795345306396 1 3.2271268367767334
dataset/cstnd/0180 1 0.0018050670623779297 40 11 1 0.5725541114807129 1 1.9752941131591797
dataset/cstnd/0181 1 0.0029022693634033203 48 11 1 0.6088900566101074 1 1.6297366619110107
dataset/cstnd/0182 1 0.0018603801727294922 40 13 1 0.5986099243164062 1 8.460338592529297
dataset/cstnd/0183 1 0.0021622180938720703 48 17 1 0.5872676372528076 1 7.857597351074219
dataset/cstnd/0184 1 0.002010822296142578 40 13 1 0.580225944519043 1 3.3640029430389404
dataset/cstnd/0185 1 0.0016493797302246094 24 9 1 0.2844274044036865 1 0.473346471786499
dataset/cstnd/0186 1 0.002062082290649414 48 11 1 0.6003053188323975 1 7.182260513305664
dataset/cstnd/0187 1 0.0018055438995361328 24 11 1 0.5507502555847168 1 0.9228975772857666
dataset/cstnd/0188 1 0.0017478466033935547 32 9 1 0.2877976894378662 1 0.8530111312866211
dataset/cstnd/0189 1 0.0017290115356445312 24 13 1 0.29298973083496094 1 3.039531946182251
dataset/cstnd/0190 1 0.0019648075103759766 40 11 1 0.5764200687408447 1 1.7554199695587158
dataset/cstnd/0191 1 0.0017867088317871094 32 9 1 0.5901901721954346 1 0.9568932056427002
dataset/cstnd/0192 1 0.0016825199127197266 24 11 1 0.5811746120452881 1 1.9533300399780273
dataset/cstnd/0193 1 0.001988649368286133 48 11 1 0.29920315742492676 1 0.6101992130279541
dataset/cstnd/0194 1 0.0029659271240234375 48 11 1 0.5828988552093506 1 10.90084171295166
dataset/cstnd/0195 1 0.0018470287322998047 24 9 1 0.2922995090484619 1 1.0472099781036377
dataset/cstnd/0196 1 0.0020661354064941406 48 11 1 0.5656418800354004 1 3.294687271118164
dataset/cstnd/0197 1 0.001795053482055664 32 11 1 0.6185102462768555 1 2.7192790508270264
dataset/cstnd/0198 1 0.0020258426666259766 48 11 1 0.5720412731170654 1 7.391236066818237
dataset/cstnd/0199 1 0.0017898082733154297 32 11 1 0.5742390155792236 1 4.671286582946777
dataset/cstnd/0200 1 0.001661539077758789 24 11 1 0.5703518390655518 1 0.5414488315582275
dataset/cstnd/0201 1 0.0019266605377197266 48 11 1 0.29782819747924805 1 1.4406492710113525
dataset/cstnd/0202 1 0.0019686222076416016 40 11 1 0.28986096382141113 1 0.8164823055267334
dataset/cstnd/0203 1 0.0017964839935302734 32 13 1 0.5638132095336914 1 84.99093818664551
dataset/cstnd/0204 1 0.001956939697265625 40 11 1 0.5828714370727539 1 2.9471323490142822
dataset/cstnd/0205 1 0.0019235610961914062 40 11 1 0.5961055755615234 1 8.841835498809814
dataset/cstnd/0206 1 0.0019638538360595703 40 11 1 0.5672070980072021 1 2.7940495014190674
dataset/cstnd/0207 1 0.002098560333251953 48 11 1 0.5751261711120605 1 0.9945728778839111
dataset/cstnd/0208 1 0.0018510818481445312 40 11 1 0.2845768928527832 1 2.5012128353118896
dataset/cstnd/0209 1 0.0016376972198486328 24 9 1 0.2843329906463623 1 0.4734673500061035
dataset/cstnd/0210 1 0.0019278526306152344 48 11 1 0.2943103313446045 1 0.9277660846710205
dataset/cstnd/0211 1 0.0019168853759765625 48 11 1 0.2864201068878174 1 0.8121097087860107
dataset/cstnd/0212 1 0.0019834041595458984 40 11 1 0.581596851348877 1 7.124643564224243
dataset/cstnd/0213 1 0.0020227432250976562 48 13 1 0.5734822750091553 1 15.765521049499512
dataset/cstnd/0214 1 0.0024046897888183594 48 11 1 0.5904097557067871 1 10.199052333831787
dataset/cstnd/0215 1 0.0019488334655761719 40 11 1 0.5784773826599121 1 24.35881233215332
dataset/cstnd/0216 1 0.0017862319946289062 24 11 1 0.5832598209381104 1 1.2522387504577637
dataset/cstnd/0217 1 0.0027205944061279297 40 13 1 0.2920551300048828 1 7.378096580505371
dataset/cstnd/0218 1 0.00167083740234375 32 11 1 0.5739846229553223 1 3.3173155784606934
dataset/cstnd/0219 1 0.0018498897552490234 32 13 1 0.5716114044189453 1 3.7364249229431152
dataset/cstnd/0220 1 0.0018651485443115234 40 11 1 0.30919623374938965 1 1.2434632778167725
dataset/cstnd/0221 1 0.0018117427825927734 32 15 1 0.5779571533203125 1 14.017862796783447
dataset/cstnd/0222 1 0.001956939697265625 40 13 1 0.5804786682128906 1 40.32205533981323
dataset/cstnd/0223 1 0.0016164779663085938 24 9 1 0.575430154800415 1 0.7292842864990234
dataset/cstnd/0224 1 0.0017848014831542969 40 11 1 0.2860524654388428 1 1.076420545578003
dataset/cstnd/0225 1 0.002063751220703125 48 11 1 0.5910749435424805 1 7.4747068881988525
dataset/cstnd/0226 1 0.0018711090087890625 40 11 1 0.5729913711547852 1 7.802556991577148
dataset/cstnd/0227 1 0.0017523765563964844 32 11 1 0.5904748439788818 1 1.3635988235473633
dataset/cstnd/0228 1 0.0021228790283203125 48 11 1 0.5660889148712158 1 1.6247165203094482
dataset/cstnd/0229 1 0.0019330978393554688 40 13 1 0.5954673290252686 1 3.5435564517974854
dataset/cstnd/0230 1 0.0017802715301513672 32 11 1 0.5782876014709473 1 1.370126485824585
dataset/cstnd/0231 1 0.001800537109375 40 11 1 0.5650928020477295 1 0.998070240020752
dataset/cstnd/0232 1 0.0020568370819091797 40 13 1 0.5630593299865723 1 18.125056505203247
dataset/cstnd/0233 1 0.0020711421966552734 48 11 1 0.584014892578125 1 5.0090858936309814
dataset/cstnd/0234 1 0.0018134117126464844 40 11 1 0.2952451705932617 1 0.8837602138519287
dataset/cstnd/0235 1 0.0019075870513916016 32 9 1 0.5632574558258057 1 0.8328282833099365
dataset/cstnd/0236 1 0.0019867420196533203 40 11 1 0.5838289260864258 1 2.6468162536621094
dataset/cstnd/0237 1 0.001688241958618164 24 13 1 0.29558610916137695 1 0.6364200115203857
dataset/cstnd/0238 1 0.0020558834075927734 48 11 1 0.5717225074768066 1 1.6188850402832031
dataset/cstnd/0239 1 0.0017690658569335938 32 11 1 0.5729737281799316 1 1.6132829189300537
dataset/cstnd/0240 1 0.001775503158569336 32 11 1 0.30000972747802734 1 0.8467073440551758
dataset/cstnd/0241 1 0.001653909683227539 32 7 1 0.2881736755371094 1 0.49084925651550293
dataset/cstnd/0242 1 0.0017666816711425781 32 11 1 0.5880641937255859 1 2.434936761856079
dataset/cstnd/0243 1 0.0018496513366699219 32 9 1 0.2856559753417969 1 0.7163958549499512
dataset/cstnd/0244 1 0.0017702579498291016 32 11 1 0.577690839767456 1 7.3120880126953125
dataset/cstnd/0245 1 0.0020422935485839844 48 11 1 0.2959935665130615 1 0.6901130676269531
dataset/cstnd/0246 1 0.0020253658294677734 48 11 1 0.29896974563598633 1 1.2942323684692383
dataset/cstnd/0247 1 0.0019958019256591797 40 9 1 0.2897770404815674 1 0.8022925853729248
dataset/cstnd/0248 1 0.0019457340240478516 40 11 1 0.5786240100860596 1 3.9375839233398438
dataset/cstnd/0249 1 0.001913309097290039 32 13 1 0.6155281066894531 1 43.82109475135803
dataset/cstnd/0250 1 0.0017802715301513672 24 11 1 0.5915646553039551 1 5.236953258514404
dataset/cstnd/0251 1 0.002027273178100586 48 11 1 0.6049025058746338 1 15.516955614089966
dataset/cstnd/0252 1 0.0017251968383789062 32 11 1 0.2904539108276367 1 0.6154389381408691
dataset/cstnd/0253 1 0.002672910690307617 40 15 1 0.5766959190368652 1 1.7433593273162842
dataset/cstnd/0254 1 0.0016901493072509766 24 11 1 0.5917689800262451 1 63.27092790603638
dataset/cstnd/0255 1 0.0019683837890625 48 11 1 0.5872268676757812 1 4.177226305007935
dataset/cstnd/0256 1 0.0018756389617919922 32 13 1 0.5947859287261963 1 9.79932427406311
dataset/cstnd/0257 1 0.0016629695892333984 24 9 1 0.2952754497528076 1 0.6438219547271729
dataset/cstnd/0258 1 0.0018262863159179688 40 9 1 0.30191493034362793 1 0.5751397609710693
dataset/cstnd/0259 1 0.001962423324584961 40 11 1 0.5814151763916016 1 4.868842124938965
dataset/cstnd/0260 1 0.002070903778076172 48 13 1 0.5725488662719727 1 2.016812562942505
dataset/cstnd/0261 1 0.0017964839935302734 24 13 1 0.6008028984069824 1 6.337531805038452
dataset/cstnd/0262 1 0.0021452903747558594 40 11 1 0.2874481678009033 1 1.011655330657959
dataset/cstnd/0263 1 0.0019829273223876953 48 11 1 0.5911176204681396 1 9.700388193130493
dataset/cstnd/0264 1 0.0020728111267089844 48 11 1 0.29050564765930176 1 1.3733470439910889
dataset/cstnd/0265 1 0.00193023681640625 40 11 1 0.30058908462524414 1 0.9886775016784668
dataset/cstnd/0266 1 0.0019335746765136719 40 11 1 0.5897517204284668 1 2.629708766937256
dataset/cstnd/0267 1 0.00182342529296875 32 9 1 0.5726079940795898 1 0.7936861515045166
dataset/cstnd/0268 1 0.001789093017578125 24 13 1 0.5956826210021973 1 18.937318325042725
dataset/cstnd/0269 1 0.0019419193267822266 40 9 1 0.5658750534057617 1 0.7589893341064453
dataset/cstnd/0270 1 0.002103090286254883 48 13 1 0.6142096519470215 1 15.642972469329834
dataset/cstnd/0271 1 0.0020983219146728516 48 11 1 0.5819721221923828 1 7.0856773853302
dataset/cstnd/0272 1 0.0019142627716064453 40 11 1 0.5741896629333496 1 2.8816404342651367
dataset/cstnd/0273 1 0.002048015594482422 48 11 1 0.5637416839599609 1 4.336076736450195
dataset/cstnd/0274 1 0.0021021366119384766 40 11 1 0.5907680988311768 1 37.32484221458435
dataset/cstnd/0275 1 0.0019087791442871094 40 11 1 0.5782549381256104 1 1.6129951477050781
dataset/cstnd/0276 1 0.0021822452545166016 48 11 1 0.5545687675476074 1 6.9740612506866455
dataset/cstnd/0277 1 0.0017807483673095703 24 13 1 0.589139461517334 1 2.8256173133850098
dataset/cstnd/0278 1 0.0021147727966308594 48 11 1 0.5723848342895508 1 2.696044445037842
dataset/cstnd/0279 1 0.0016846656799316406 24 11 1 0.568549394607544 1 4.121543645858765
dataset/cstnd/0280 1 0.0027511119842529297 48 11 1 0.5696096420288086 1 6.70260763168335
dataset/cstnd/0281 1 0.0018649101257324219 40 11 1 0.5820009708404541 1 3.121163845062256
dataset/cstnd/0282 1 0.0018076896667480469 32 11 1 0.2860987186431885 1 2.7706644535064697
dataset/cstnd/0283 1 0.0022840499877929688 24 11 1 0.2787013053894043 1 0.523787260055542
dataset/cstnd/0284 1 0.0017778873443603516 32 11 1 0.29447460174560547 1 3.762723684310913
dataset/cstnd/0285 1 0.0017843246459960938 32 11 1 0.5618457794189453 1 15.876978397369385
dataset/cstnd/0286 1 0.0017926692962646484 32 11 1 0.5850002765655518 1 1.684417486190796
dataset/cstnd/0287 1 0.0018558502197265625 40 11 1 0.5732078552246094 1 1.0468461513519287
dataset/cstnd/0288 1 0.0019118785858154297 40 11 1 0.5721273422241211 1 11.41109013557434
dataset/cstnd/0289 1 0.0017113685607910156 24 15 1 0.59110426902771 1 127.4664478302002
dataset/cstnd/0290 1 0.0017943382263183594 32 11 1 0.576594352722168 1 0.6916625499725342
dataset/cstnd/0291 1 0.0017921924591064453 24 13 1 0.5716564655303955 1 0.8538174629211426
dataset/cstnd/0292 1 0.001657247543334961 24 11 1 0.29192090034484863 1 0.7388665676116943
dataset/cstnd/0293 1 0.002007722854614258 40 13 1 0.5735595226287842 1 1.6940813064575195
dataset/cstnd/0294 1 0.0018649101257324219 40 11 1 0.5748469829559326 1 3.1745476722717285
dataset/cstnd/0295 1 0.0018696784973144531 40 11 1 0.2837986946105957 1 0.7456629276275635
dataset/cstnd/0296 1 0.0019745826721191406 48 11 1 0.579329252243042 1 2.395393133163452
dataset/cstnd/0297 1 0.0018572807312011719 32 11 1 0.2882652282714844 1 1.0960280895233154
dataset/cstnd/0298 1 0.001682281494140625 24 13 1 0.28928160667419434 1 1.157759189605713
dataset/cstnd/0299 1 0.00201416015625 48 11 1 0.2996068000793457 1 4.682698965072632
dataset/cstnd/0300 1 0.0020232200622558594 48 11 1 0.5731837749481201 1 11.769772052764893
dataset/cstnd/0301 1 0.0016884803771972656 24 11 1 0.5925967693328857 1 0.6437671184539795
dataset/cstnd/0302 1 0.002134561538696289 48 11 1 0.5547380447387695 1 2.2606844902038574
dataset/cstnd/0303 1 0.0018987655639648438 32 11 1 0.5722603797912598 1 193.32724928855896
dataset/cstnd/0304 1 0.0016379356384277344 24 13 1 0.294156551361084 1 1.3926739692687988
dataset/cstnd/0305 1 0.001649618148803711 24 15 1 0.5691890716552734 1 0.9055883884429932
dataset/cstnd/0306 1 0.001735687255859375 32 11 1 0.2848374843597412 1 0.9105832576751709
dataset/cstnd/0307 1 0.001722574234008789 24 13 1 0.5710809230804443 1 1.2601430416107178
dataset/cstnd/0308 1 0.00186920166015625 32 9 1 0.5710246562957764 1 0.7972347736358643
dataset/cstnd/0309 1 0.001734018325805664 32 11 1 0.564288854598999 1 1.3410606384277344
dataset/cstnd/0310 1 0.0017740726470947266 32 9 1 0.5746712684631348 1 1.161414623260498
dataset/cstnd/0311 1 0.0018353462219238281 40 11 1 0.6138553619384766 1 8.778172969818115
dataset/cstnd/0312 1 0.0018029212951660156 40 11 1 0.2865726947784424 1 0.5184838771820068
dataset/cstnd/0313 1 0.0017359256744384766 32 9 1 0.28036999702453613 1 0.828589677810669
dataset/cstnd/0314 1 0.0016355514526367188 24 13 1 0.29128408432006836 1 6.475047826766968
dataset/cstnd/0315 1 0.0019445419311523438 48 11 1 0.5790905952453613 1 1.4840211868286133
dataset/cstnd/0316 1 0.0020363330841064453 40 13 1 0.5927293300628662 1 4.420070648193359
dataset/cstnd/0317 1 0.0019845962524414062 40 15 1 0.5731863975524902 1 10.799445867538452
dataset/cstnd/0318 1 0.0017857551574707031 32 11 1 0.28882646560668945 1 0.9019067287445068
dataset/cstnd/0319 1 0.0019314289093017578 40 9 1 0.5897576808929443 1 0.7732470035552979
dataset/cstnd/0320 1 0.0023660659790039062 24 9 1 0.28182101249694824 1 0.5141396522521973
dataset/cstnd/0321 1 0.0018458366394042969 32 11 1 0.5710759162902832 1 1.8914685249328613
dataset/cstnd/0322 1 0.0019288063049316406 40 11 1 0.5811600685119629 1 1.4759197235107422
dataset/cstnd/0323 1 0.0018923282623291016 40 11 1 0.28574562072753906 1 2.0982918739318848
dataset/cstnd/0324 1 0.0016276836395263672 24 9 1 0.2864203453063965 1 0.44271421432495117
dataset/cstnd/0325 1 0.001998424530029297 48 11 1 0.5880053043365479 1 1.1569194793701172
dataset/cstnd/0326 1 0.0020155906677246094 48 11 1 0.29479360580444336 1 1.0115182399749756
dataset/cstnd/0327 1 0.0021142959594726562 48 11 1 0.5748884677886963 1 1.0839345455169678
dataset/cstnd/0328 1 0.0018546581268310547 32 11 1 0.2877078056335449 1 1.1879336833953857
dataset/cstnd/0329 1 0.0017957687377929688 32 11 1 0.29283976554870605 1 4.513076305389404
dataset/cstnd/0330 1 0.001981973648071289 48 13 1 0.5741918087005615 1 11.409570455551147
dataset/cstnd/0331 1 0.002120494842529297 48 11 1 0.5707011222839355 1 7.462094306945801
dataset/cstnd/0332 1 0.0016741752624511719 24 11 1 0.5680851936340332 1 4.4878785610198975
dataset/cstnd/0333 1 0.002123117446899414 48 11 1 0.5742096900939941 1 7.023707389831543
dataset/cstnd/0334 1 0.0016701221466064453 24 9 1 0.5667378902435303 1 0.8382623195648193
dataset/cstnd/0335 1 0.0019147396087646484 48 11 1 0.2977724075317383 1 4.034846782684326
dataset/cstnd/0336 1 0.0020961761474609375 48 11 1 0.5771820545196533 1 1.9494919776916504
dataset/cstnd/0337 1 0.002603769302368164 32 11 1 0.5883538722991943 1 4.876160144805908
dataset/cstnd/0338 1 0.0019693374633789062 48 11 1 0.5841443538665771 1 7.240517854690552
dataset/cstnd/0339 1 0.002096891403198242 48 11 1 0.5696864128112793 1 1.5168440341949463
dataset/cstnd/0340 1 0.0017337799072265625 24 13 1 0.5593962669372559 1 1.2627880573272705
dataset/cstnd/0341 1 0.0017979145050048828 32 11 1 0.2914743423461914 1 1.2747440338134766
dataset/cstnd/0342 1 0.0017817020416259766 32 11 1 0.5740370750427246 1 1.6984014511108398
dataset/cstnd/0343 1 0.002034425735473633 48 11 1 0.572321891784668 1 6.808204174041748
dataset/cstnd/0344 1 0.0020263195037841797 48 11 1 0.5945324897766113 1 15.958659648895264
dataset/cstnd/0345 1 0.0016918182373046875 32 9 1 0.29146814346313477 1 0.5045814514160156
dataset/cstnd/0346 1 0.001924753189086914 32 15 1 0.5928535461425781 1 1.9774508476257324
dataset/cstnd/0347 1 0.0018994808197021484 40 13 1 0.567211389541626 1 4.2671308517456055
dataset/cstnd/0348 1 0.0020749568939208984 48 15 1 0.5846083164215088 1 67.18251943588257
dataset/cstnd/0349 1 0.0019822120666503906 40 11 1 0.5718576908111572 1 4.164732933044434
dataset/cstnd/0350 1 0.002064228057861328 48 11 1 0.5900049209594727 1 1.465559959411621
dataset/cstnd/0351 1 0.0016684532165527344 24 11 1 0.5692737102508545 1 0.7108776569366455
dataset/cstnd/0352 1 0.0019333362579345703 48 11 1 0.5774648189544678 1 1.3985741138458252
dataset/cstnd/0353 1 0.0016732215881347656 24 11 1 0.2883334159851074 1 1.4265975952148438
dataset/cstnd/0354 1 0.0018837451934814453 40 11 1 0.2895832061767578 1 1.4244873523712158
dataset/cstnd/0355 1 0.0018134117126464844 24 11 1 0.578864336013794 1 34.24184799194336
dataset/cstnd/0356 1 0.0018277168273925781 40 11 1 0.2942512035369873 1 3.6177639961242676
dataset/cstnd/0357 1 0.0019237995147705078 40 11 1 0.2968010902404785 1 1.537003755569458
dataset/cstnd/0358 1 0.0018048286437988281 32 11 1 0.5718436241149902 1 2.4964168071746826
dataset/cstnd/0359 1 0.002487659454345703 40 11 1 0.5846805572509766 1 15.930579423904419
dataset/cstnd/0360 1 0.0017809867858886719 24 9 1 0.2884387969970703 1 0.6266863346099854
dataset/cstnd/0361 1 0.0019106864929199219 48 9 1 0.2883307933807373 1 0.8759863376617432
dataset/cstnd/0362 1 0.0016171932220458984 24 9 1 0.28310084342956543 1 0.8139839172363281
dataset/cstnd/0363 1 0.0019876956939697266 48 9 1 0.2912285327911377 1 0.814349889755249
dataset/cstnd/0364 1 0.0018067359924316406 40 11 1 0.5714318752288818 1 7.0567872524261475
dataset/cstnd/0365 1 0.0020151138305664062 40 15 1 0.5617015361785889 1 228.60044288635254
dataset/cstnd/0366 1 0.0017185211181640625 24 11 1 0.2997012138366699 1 0.8388881683349609
dataset/cstnd/0367 1 0.0016770362854003906 24 11 1 0.28489041328430176 1 1.3266117572784424
dataset/cstnd/0368 1 0.002699613571166992 40 11 1 0.2868623733520508 1 1.495030403137207
dataset/cstnd/0369 1 0.0020401477813720703 48 11 1 0.29949307441711426 1 0.6519536972045898
dataset/cstnd/0370 1 0.001636505126953125 24 9 1 0.28665614128112793 1 0.4306659698486328
dataset/cstnd/0371 1 0.0020689964294433594 32 11 1 0.2813115119934082 1 1.1474926471710205
dataset/cstnd/0372 1 0.0018737316131591797 32 11 1 0.5798234939575195 1 2.261045217514038
dataset/cstnd/0373 1 0.0024514198303222656 24 13 1 0.5745601654052734 1 2.0096538066864014
dataset/cstnd/0374 1 0.0021669864654541016 48 11 1 0.5985703468322754 1 6.185944318771362
dataset/cstnd/0375 1 0.0016498565673828125 24 11 1 0.5668990612030029 1 3.219871997833252
dataset/cstnd/0376 1 0.0016849040985107422 24 11 1 0.2892942428588867 1 0.9634690284729004
dataset/cstnd/0377 1 0.0020186901092529297 40 15 1 0.5773849487304688 1 47.08259177207947
dataset/cstnd/0378 1 0.0017170906066894531 24 13 1 0.562577486038208 1 0.8723993301391602
dataset/cstnd/0379 1 0.001703500747680664 24 15 1 0.5877106189727783 1 42.897515296936035
dataset/cstnd/0380 1 0.0018186569213867188 40 11 1 0.577784538269043 1 19.726928234100342
dataset/cstnd/0381 1 0.0019373893737792969 32 11 1 0.2939949035644531 1 1.3918628692626953
dataset/cstnd/0382 1 0.0019867420196533203 40 11 1 0.5864055156707764 1 23.681087493896484
dataset/cstnd/0383 1 0.0018496513366699219 40 11 1 0.5989410877227783 1 2.6791489124298096
dataset/cstnd/0384 1 0.0021181106567382812 48 11 1 0.5870723724365234 1 6.847813606262207
dataset/cstnd/0385 1 0.0018448829650878906 40 11 1 0.5784921646118164 1 1.8705461025238037
dataset/cstnd/0386 1 0.002675771713256836 32 11 1 0.5813977718353271 1 11.789612293243408
dataset/cstnd/0387 1 0.0016713142395019531 24 11 1 0.573685884475708 1 0.7625353336334229
dataset/cstnd/0388 1 0.0019307136535644531 48 11 1 0.57639479637146 1 13.901933193206787
dataset/cstnd/0389 1 0.002038717269897461 48 11 1 0.5833230018615723 1 2.618492364883423
dataset/cstnd/0390 1 0.0018270015716552734 32 13 1 0.5679304599761963 1 1.1640467643737793
dataset/cstnd/0391 1 0.0021767616271972656 48 11 1 0.5823476314544678 1 1.3655014038085938
dataset/cstnd/0392 1 0.0016531944274902344 24 9 1 0.5778698921203613 1 0.7954311370849609
dataset/cstnd/0393 1 0.0020160675048828125 48 11 1 0.5704560279846191 1 13.135328769683838
dataset/cstnd/0394 1 0.0019092559814453125 40 11 1 0.5766048431396484 1 19.544451236724854
dataset/cstnd/0395 1 0.0017981529235839844 32 13 1 0.5940370559692383 1 185.92846846580505
dataset/cstnd/0396 1 0.0018644332885742188 32 15 1 0.584202766418457 1 5.303380012512207
dataset/cstnd/0397 1 0.0016636848449707031 24 13 1 0.5772008895874023 1 1.1887989044189453
dataset/cstnd/0398 1 0.0020208358764648438 48 11 1 0.5900518894195557 1 1.1158294677734375
dataset/cstnd/0399 1 0.002084970474243164 32 11 1 0.5843548774719238 1 11.891946077346802
dataset/cstnd/0400 1 0.0017483234405517578 24 13 1 0.28876805305480957 1 0.5808665752410889
dataset/cstnd/0401 1 0.0019080638885498047 40 11 1 0.58522629737854 1 6.808930158615112
dataset/cstnd/0402 1 0.001922607421875 40 13 1 0.5832953453063965 1 12.45127558708191
dataset/cstnd/0403 1 0.0016369819641113281 24 9 1 0.5679898262023926 1 0.6800785064697266
dataset/cstnd/0404 1 0.0016491413116455078 24 11 1 0.5772480964660645 1 20.923086881637573
dataset/cstnd/0405 1 0.001847982406616211 40 11 1 0.3134605884552002 1 1.6003086566925049
dataset/cstnd/0406 1 0.002246856689453125 48 11 1 0.5665996074676514 1 18.876036643981934
dataset/cstnd/0407 1 0.0015931129455566406 24 11 1 0.5668096542358398 1 1.1134920120239258
dataset/cstnd/0408 1 0.0019063949584960938 32 13 1 0.5929961204528809 1 76.12106847763062
dataset/cstnd/0409 1 0.0019099712371826172 32 11 1 0.5899312496185303 1 6.32630729675293
dataset/cstnd/0410 1 0.001916646957397461 40 11 1 0.2881004810333252 1 35.96363687515259
dataset/cstnd/0411 1 0.0018112659454345703 32 15 1 0.5780813694000244 1 11.90575122833252
dataset/cstnd/0412 1 0.0016808509826660156 32 9 1 0.2990081310272217 1 0.40871739387512207
dataset/cstnd/0413 1 0.0020093917846679688 48 11 1 0.5726850032806396 1 11.948277950286865
dataset/cstnd/0414 1 0.0017619132995605469 24 13 1 0.5964148044586182 1 2.8270583152770996
dataset/cstnd/0415 1 0.0016903877258300781 32 9 1 0.5721981525421143 1 0.716611385345459
dataset/cstnd/0416 1 0.0019085407257080078 40 13 1 0.5802853107452393 1 3.590179443359375
dataset/cstnd/0417 1 0.0018048286437988281 32 13 1 0.5726325511932373 1 1.6422388553619385
dataset/cstnd/0418 1 0.0019648075103759766 40 11 1 0.5680198669433594 1 1.998600959777832
dataset/cstnd/0419 1 0.0017886161804199219 32 11 1 0.5742664337158203 1 1.9777531623840332
dataset/cstnd/0420 1 0.0018799304962158203 32 11 1 0.5893130302429199 1 2.8177385330200195
dataset/cstnd/0421 1 0.0019373893737792969 40 11 1 0.5869541168212891 1 2.9111008644104004
dataset/cstnd/0422 1 0.0017342567443847656 32 9 1 0.5770087242126465 1 4.215660810470581
dataset/cstnd/0423 1 0.0017635822296142578 32 11 1 0.5654206275939941 1 1.337315320968628
dataset/cstnd/0424 1 0.0017628669738769531 24 9 1 0.5766496658325195 1 0.7581796646118164
dataset/cstnd/0425 1 0.002027750015258789 48 11 1 0.5737903118133545 1 6.728718519210815
dataset/cstnd/0426 1 0.0021076202392578125 40 17 1 0.5842041969299316 1 34.20926022529602
dataset/cstnd/0427 1 0.0018393993377685547 40 11 1 0.5864598751068115 1 2.082355499267578
dataset/cstnd/0428 1 0.001955747604370117 48 11 1 0.28696203231811523 1 10.675764083862305
dataset/cstnd/0429 1 0.0019397735595703125 40 11 1 0.5822958946228027 1 9.262415409088135
dataset/cstnd/0430 1 0.0018794536590576172 32 13 1 0.5770158767700195 1 13.400245189666748
dataset/cstnd/0431 1 0.0018031597137451172 40 9 1 0.28050923347473145 1 0.4766051769256592
dataset/cstnd/0432 1 0.002129793167114258 48 11 1 0.5840427875518799 1 7.468859672546387
dataset/cstnd/0433 1 0.0018229484558105469 40 11 1 0.2884950637817383 1 1.6053903102874756
dataset/cstnd/0434 1 0.0016880035400390625 24 13 1 0.5761876106262207 1 1.8998475074768066
dataset/cstnd/0435 1 0.0027620792388916016 24 13 1 0.5790760517120361 1 3.441807746887207
dataset/cstnd/0436 1 0.0019481182098388672 40 11 1 0.5780725479125977 1 1.601569414138794
dataset/cstnd/0437 1 0.002032756805419922 48 13 1 0.5788495540618896 1 14.19828200340271
dataset/cstnd/0438 1 0.0017430782318115234 32 11 1 0.5800085067749023 1 6.8493568897247314
dataset/cstnd/0439 1 0.0017731189727783203 32 11 1 0.2812221050262451 1 5.855970144271851
dataset/cstnd/0440 1 0.0021376609802246094 48 15 1 0.5854978561401367 1 10.180631160736084
dataset/cstnd/0441 1 0.0017962455749511719 32 9 1 0.5897941589355469 1 0.8255584239959717
dataset/cstnd/0442 1 0.0020294189453125 32 11 1 0.29492783546447754 1 2.570563554763794
dataset/cstnd/0443 1 0.0018761157989501953 40 11 1 0.2844209671020508 1 0.6360394954681396
dataset/cstnd/0444 1 0.0016443729400634766 24 11 1 0.29007911682128906 1 0.7140312194824219
dataset/cstnd/0445 1 0.0019044876098632812 40 13 1 0.5823376178741455 1 3.934037685394287
dataset/cstnd/0446 1 0.0016717910766601562 24 11 1 0.27181506156921387 1 1.660574197769165
dataset/cstnd/0447 1 0.0020017623901367188 48 11 1 0.5802395343780518 1 7.0708277225494385
dataset/cstnd/0448 1 0.0019087791442871094 40 11 1 0.5752408504486084 1 12.683521032333374
dataset/cstnd/0449 1 0.0017070770263671875 24 11 1 0.28532934188842773 1 0.4732701778411865
dataset/cstnd/0450 1 0.0017428398132324219 32 11 1 0.28923583030700684 1 0.6166436672210693
dataset/cstnd/0451 1 0.0019135475158691406 40 11 1 0.5791888236999512 1 1.4486238956451416
dataset/cstnd/0452 1 0.001962423324584961 40 15 1 0.3011155128479004 1 1.2177882194519043
dataset/cstnd/0453 1 0.0018126964569091797 32 13 1 0.28961920738220215 1 1.1111342906951904
dataset/cstnd/0454 1 0.0018262863159179688 40 11 1 0.28684520721435547 1 2.948399543762207
dataset/cstnd/0455 1 0.0019063949584960938 40 11 1 0.5856471061706543 1 1.3725671768188477
dataset/cstnd/0456 1 0.0018434524536132812 40 11 1 0.29220080375671387 1 1.464714527130127
dataset/cstnd/0457 1 0.0020270347595214844 48 11 1 0.58693528175354 1 1.6287736892700195
dataset/cstnd/0458 1 0.0017597675323486328 32 11 1 0.2948157787322998 1 0.6405911445617676
dataset/cstnd/0459 1 0.0019588470458984375 40 17 1 0.28841185569763184 1 3.5531392097473145
dataset/cstnd/0460 1 0.001974821090698242 40 11 1 0.2912478446960449 1 1.0090696811676025
dataset/cstnd/0461 1 0.0018193721771240234 40 9 1 0.2911369800567627 1 1.185481071472168
dataset/cstnd/0462 1 0.0019533634185791016 40 11 1 0.5814802646636963 1 4.113124847412109
dataset/cstnd/0463 1 0.0016226768493652344 24 11 1 0.2941098213195801 1 1.076408863067627
dataset/cstnd/0464 1 0.002039194107055664 48 11 1 0.2985961437225342 1 1.4837822914123535
dataset/cstnd/0465 1 0.0029892921447753906 48 11 1 0.5758020877838135 1 6.971981763839722
dataset/cstnd/0466 1 0.0020470619201660156 48 11 1 0.578488826751709 1 1.4026412963867188
dataset/cstnd/0467 1 0.0020122528076171875 48 11 1 0.3010134696960449 1 2.4833943843841553
dataset/cstnd/0468 1 0.0017538070678710938 32 11 1 0.2947211265563965 1 0.9384982585906982
dataset/cstnd/0469 1 0.0020384788513183594 48 11 1 0.5780987739562988 1 6.799682855606079
dataset/cstnd/0470 1 0.002015352249145508 48 11 1 0.2964358329772949 1 1.2968776226043701
dataset/cstnd/0471 1 0.0019156932830810547 32 11 1 0.5854065418243408 1 1.031496286392212
dataset/cstnd/0472 1 0.001972198486328125 48 11 1 0.580150842666626 1 2.5679895877838135
dataset/cstnd/0473 1 0.0016198158264160156 24 9 1 0.5728323459625244 1 0.6944568157196045
dataset/cstnd/0474 1 0.0019512176513671875 40 13 1 0.5647320747375488 1 12.4954252243042
dataset/cstnd/0475 1 0.0020554065704345703 48 13 1 0.29061174392700195 1 1.016552448272705
dataset/cstnd/0476 1 0.0018661022186279297 40 11 1 0.5763206481933594 1 13.3145112991333
dataset/cstnd/0477 1 0.0020322799682617188 48 11 1 0.5815129280090332 1 7.453119516372681
dataset/cstnd/0478 1 0.0020384788513183594 48 11 1 0.5836935043334961 1 2.5785207748413086
dataset/cstnd/0479 1 0.0019450187683105469 40 11 1 0.5976207256317139 1 13.748087406158447
dataset/cstnd/0480 1 0.0018970966339111328 40 11 1 0.29820919036865234 1 0.7006170749664307
dataset/cstnd/0481 1 0.0017559528350830078 32 11 1 0.29352426528930664 1 0.5096147060394287
dataset/cstnd/0482 1 0.002091646194458008 48 11 1 0.57761549949646 1 1.3937971591949463
dataset/cstnd/0483 1 0.002086162567138672 40 13 1 0.5844855308532715 1 28.132289171218872
dataset/cstnd/0484 1 0.0018558502197265625 32 15 1 0.5703248977661133 1 4.871212005615234
dataset/cstnd/0485 1 0.0019295215606689453 40 11 1 0.5780656337738037 1 1.3047504425048828
dataset/cstnd/0486 1 0.0018649101257324219 32 11 1 0.5873322486877441 1 6.2058210372924805
dataset/cstnd/0487 1 0.001947164535522461 40 11 1 0.5762636661529541 1 13.638356447219849
dataset/cstnd/0488 1 0.0019538402557373047 40 11 1 0.579420804977417 1 2.59446120262146
dataset/cstnd/0489 1 0.0015997886657714844 24 9 1 0.5761294364929199 1 0.8019964694976807
dataset/cstnd/0490 1 0.0018682479858398438 40 11 1 0.5811402797698975 1 1.6786201000213623
dataset/cstnd/0491 1 0.0020449161529541016 48 11 1 0.5806543827056885 1 34.01796340942383
dataset/cstnd/0492 1 0.001733541488647461 32 11 1 0.28499579429626465 1 3.517794370651245
dataset/cstnd/0493 1 0.0020325183868408203 48 11 1 0.5961425304412842 1 2.511676788330078
dataset/cstnd/0494 1 0.0020661354064941406 48 11 1 0.5799751281738281 1 46.20901036262512
dataset/cstnd/0495 1 0.0016942024230957031 32 11 1 0.2839930057525635 1 0.70343017578125
dataset/cstnd/0496 1 0.0017848014831542969 32 11 1 0.5861177444458008 1 5.520381689071655
dataset/cstnd/0497 1 0.0018458366394042969 32 9 1 0.28444361686706543 1 0.4725990295410156
dataset/cstnd/0498 1 0.0018799304962158203 48 11 1 0.5707821846008301 1 1.4177415370941162
dataset/cstnd/0499 1 0.0018613338470458984 40 11 1 0.5872900485992432 1 4.072885751724243
dataset/cstnd/0500 1 0.002489805221557617 32 11 1 0.2914891242980957 1 2.4640562534332275
dataset/cstnd/0501 1 0.0016644001007080078 24 11 1 0.284710168838501 1 0.6712870597839355
dataset/cstnd/0502 1 0.0015952587127685547 24 9 1 0.5730860233306885 1 0.6767735481262207
dataset/cstnd/0503 1 0.0019898414611816406 48 11 1 0.29202938079833984 1 0.7560794353485107
dataset/cstnd/0504 1 0.0017995834350585938 32 11 1 0.30072641372680664 1 1.2527070045471191
dataset/cstnd/0505 1 0.0024068355560302734 32 11 1 0.5711171627044678 1 2.3841147422790527
dataset/cstnd/0506 1 0.0017414093017578125 32 15 1 0.29213547706604004 1 0.7388384342193604
dataset/cstnd/0507 1 0.002715587615966797 40 11 1 0.5781588554382324 1 3.7548696994781494
dataset/cstnd/0508 1 0.0019025802612304688 40 9 1 0.5859115123748779 1 0.512321949005127
dataset/cstnd/0509 1 0.0020318031311035156 48 11 1 0.581019401550293 1 4.218268394470215
dataset/cstnd/0510 1 0.0017726421356201172 32 11 1 0.324415922164917 1 0.8296904563903809
dataset/cstnd/0511 1 0.0018684864044189453 40 11 1 0.5606563091278076 1 1.6772773265838623
dataset/cstnd/0512 1 0.0020296573638916016 48 11 1 0.28860926628112793 1 3.112285852432251
dataset/cstnd/0513 1 0.0027365684509277344 48 11 1 0.6059198379516602 1 1.5440952777862549
dataset/cstnd/0514 1 0.0018129348754882812 32 13 1 0.28858280181884766 1 2.628054618835449
dataset/cstnd/0515 1 0.0017375946044921875 24 11 1 0.5743246078491211 1 9.299241304397583
dataset/cstnd/0516 1 0.0017344951629638672 32 9 1 0.5737330913543701 1 0.8547911643981934
dataset/cstnd/0517 1 0.0018618106842041016 32 11 1 0.5877575874328613 1 1.9454667568206787
dataset/cstnd/0518 1 0.0016946792602539062 24 15 1 0.28313255310058594 1 1.50325345993042
dataset/cstnd/0519 1 0.001916646957397461 48 11 1 0.28685569763183594 1 0.5693662166595459
dataset/cstnd/0520 1 0.0021049976348876953 48 11 1 0.575908899307251 1 1.0520293712615967
dataset/cstnd/0521 1 0.001981496810913086 48 11 1 0.2852470874786377 1 0.7630825042724609
dataset/cstnd/0522 1 0.0019261837005615234 40 11 1 0.5761010646820068 1 47.124003887176514
dataset/cstnd/0523 1 0.0028192996978759766 40 11 1 0.3113086223602295 1 0.9748609066009521
dataset/cstnd/0524 1 0.002041339874267578 48 11 1 0.5779614448547363 1 2.6116509437561035
dataset/cstnd/0525 1 0.0016646385192871094 24 11 1 0.5876109600067139 1 1.377075433731079
dataset/cstnd/0526 1 0.0019123554229736328 48 11 1 0.5654182434082031 1 2.138947010040283
dataset/cstnd/0527 1 0.002065420150756836 48 11 1 0.5779926776885986 1 7.272509813308716
dataset/cstnd/0528 1 0.0021638870239257812 48 11 1 0.5745995044708252 1 1.3145158290863037
dataset/cstnd/0529 1 0.0018932819366455078 32 9 1 0.5757992267608643 1 2.9993960857391357
dataset/cstnd/0530 1 0.002939939498901367 48 11 1 0.5942363739013672 1 2.01570200920105
dataset/cstnd/0531 1 0.0018808841705322266 40 11 1 0.3140754699707031 1 0.6456518173217773
dataset/cstnd/0532 1 0.0020253658294677734 48 11 1 0.2871866226196289 1 1.022773027420044
dataset/cstnd/0533 1 0.0018835067749023438 40 11 1 0.29142236709594727 1 4.198588848114014
dataset/cstnd/0534 1 0.0018298625946044922 24 11 1 0.28347349166870117 1 0.7681887149810791
dataset/cstnd/0535 1 0.0019075870513916016 32 11 1 0.5774674415588379 1 2.2447752952575684
dataset/cstnd/0536 1 0.001714944839477539 24 9 1 0.570091962814331 1 0.6786336898803711
dataset/cstnd/0537 1 0.001722097396850586 24 11 1 0.572350025177002 1 2.3751931190490723
dataset/cstnd/0538 1 0.0019779205322265625 48 11 1 0.2855358123779297 1 1.5278346538543701
dataset/cstnd/0539 1 0.001990079879760742 40 11 1 0.28766536712646484 1 1.1409595012664795
dataset/cstnd/0540 1 0.001984834671020508 48 11 1 0.2851896286010742 1 1.4811701774597168
dataset/cstnd/0541 1 0.001781463623046875 32 11 1 0.5781705379486084 1 2.0341711044311523
dataset/cstnd/0542 1 0.0022919178009033203 48 11 1 0.5786988735198975 1 1.3219664096832275
dataset/cstnd/0543 1 0.002155303955078125 40 15 1 0.5859971046447754 1 71.08267283439636
dataset/cstnd/0544 1 0.0018839836120605469 40 11 1 0.5836055278778076 1 2.88004207611084
dataset/cstnd/0545 1 0.0019643306732177734 40 13 1 0.577031135559082 1 28.093928813934326
dataset/cstnd/0546 1 0.001745462417602539 32 9 1 0.287158727645874 1 0.5113651752471924
dataset/cstnd/0547 1 0.0017240047454833984 32 11 1 0.6108121871948242 1 1.5552022457122803
dataset/cstnd/0548 1 0.0019614696502685547 48 11 1 0.5762348175048828 1 0.9898414611816406
dataset/cstnd/0549 1 0.0024957656860351562 24 11 1 0.5980756282806396 1 2.248772144317627
dataset/cstnd/0550 1 0.00186920166015625 40 11 1 0.2890653610229492 1 0.8295269012451172
dataset/cstnd/0551 1 0.001972675323486328 24 11 1 0.3030118942260742 1 0.9235844612121582
dataset/cstnd/0552 1 0.00244140625 48 11 1 0.5701384544372559 1 1.1580326557159424
dataset/cstnd/0553 1 0.001995086669921875 48 13 1 0.2838563919067383 1 2.4735658168792725
dataset/cstnd/0554 1 0.002037525177001953 48 11 1 0.5825099945068359 1 7.097682237625122
dataset/cstnd/0555 1 0.0018215179443359375 32 13 1 0.5820050239562988 1 3.217322826385498
dataset/cstnd/0556 1 0.0017621517181396484 32 11 1 0.5820846557617188 1 6.63062858581543
dataset/cstnd/0557 1 0.002107381820678711 48 13 1 0.3121023178100586 1 1.366529941558838
dataset/cstnd/0558 1 0.0018596649169921875 40 11 1 0.28530025482177734 1 0.9116199016571045
dataset/cstnd/0559 1 0.0018291473388671875 32 15 1 0.29595470428466797 1 0.5954084396362305
dataset/cstnd/0560 1 0.0018343925476074219 40 11 1 0.2835206985473633 1 3.518561601638794
dataset/cstnd/0561 1 0.001760721206665039 32 11 1 0.5725998878479004 1 4.543245792388916
dataset/cstnd/0562 1 0.0019505023956298828 48 11 1 0.5988068580627441 1 14.07402229309082
dataset/cstnd/0563 1 0.0019996166229248047 48 11 1 0.570202112197876 1 7.2639946937561035
dataset/cstnd/0564 1 0.0020182132720947266 40 11 1 0.5940473079681396 1 1.4107511043548584
dataset/cstnd/0565 1 0.0021436214447021484 40 11 1 0.5824019908905029 1 41.888439893722534
dataset/cstnd/0566 1 0.002092599868774414 48 15 1 0.5766067504882812 1 17.451332092285156
dataset/cstnd/0567 1 0.0016171932220458984 24 11 1 0.28643131256103516 1 0.9900407791137695
dataset/cstnd/0568 1 0.002466917037963867 32 11 1 0.5746986865997314 1 1.4797663688659668
dataset/cstnd/0569 1 0.0018322467803955078 32 13 1 0.5948474407196045 1 18.234580755233765
dataset/cstnd/0570 1 0.0017545223236083984 32 11 1 0.29233551025390625 1 0.7994022369384766
dataset/cstnd/0571 1 0.0016481876373291016 24 9 1 0.6045467853546143 1 0.563103199005127
dataset/cstnd/0572 1 0.0016622543334960938 24 11 1 0.2946052551269531 1 1.5291121006011963
dataset/cstnd/0573 1 0.002022266387939453 48 11 1 0.6105055809020996 1 15.260931491851807
dataset/cstnd/0574 1 0.0017609596252441406 24 15 1 0.5907251834869385 1 7.377882957458496
dataset/cstnd/0575 1 0.0018095970153808594 32 11 1 0.5756661891937256 1 1.1652536392211914
dataset/cstnd/0576 1 0.002061128616333008 48 11 1 0.6003983020782471 1 7.218547105789185
dataset/cstnd/0577 1 0.0021088123321533203 32 11 1 0.580655574798584 1 10.549190521240234
dataset/cstnd/0578 1 0.0018777847290039062 32 9 1 0.6024532318115234 1 0.8092391490936279
dataset/cstnd/0579 1 0.0017747879028320312 24 11 1 0.5941236019134521 1 1.2458038330078125
dataset/cstnd/0580 1 0.0017008781433105469 24 11 1 0.2846193313598633 1 0.7079856395721436
dataset/cstnd/0581 1 0.0018782615661621094 32 13 1 0.5913071632385254 1 26.558668851852417
dataset/cstnd/0582 1 0.002048015594482422 48 13 1 0.3021080493927002 1 2.1162662506103516
dataset/cstnd/0583 1 0.002001047134399414 48 11 1 0.30562448501586914 1 1.4361300468444824
dataset/cstnd/0584 1 0.0017688274383544922 32 11 1 0.5811212062835693 1 6.133730173110962
dataset/cstnd/0585 1 0.0020465850830078125 48 11 1 0.6065459251403809 1 2.7203452587127686
dataset/cstnd/0586 1 0.0018320083618164062 40 11 1 0.2841956615447998 1 0.8778684139251709
dataset/cstnd/0587 1 0.0020563602447509766 48 11 1 0.5790915489196777 1 22.50468635559082
dataset/cstnd/0588 1 0.0024726390838623047 24 13 1 0.5888190269470215 1 0.7551140785217285
dataset/cstnd/0589 1 0.0017633438110351562 24 9 1 0.3073153495788574 1 0.6323354244232178
dataset/cstnd/0590 1 0.0021681785583496094 48 15 1 0.5978536605834961 1 338.5142683982849
dataset/cstnd/0591 1 0.0018079280853271484 32 13 1 0.5729498863220215 1 11.481730222702026
dataset/cstnd/0592 1 0.0019156932830810547 32 17 1 0.5870175361633301 1 26.778137922286987
dataset/cstnd/0593 1 0.0016775131225585938 24 11 1 0.2816174030303955 1 0.7419476509094238
dataset/cstnd/0594 1 0.0019173622131347656 40 11 1 0.5772058963775635 1 8.319407939910889
dataset/cstnd/0595 1 0.0019145011901855469 40 11 1 0.28780508041381836 1 0.6067490577697754
dataset/cstnd/0596 1 0.0017247200012207031 32 11 1 0.28081202507019043 1 0.4890267848968506
dataset/cstnd/0597 1 0.002002239227294922 48 11 1 0.2889070510864258 1 1.9869914054870605
dataset/cstnd/0598 1 0.0017518997192382812 32 11 1 0.585646390914917 1 1.5305123329162598
dataset/cstnd/0599 1 0.002145528793334961 48 15 1 0.2938370704650879 1 2.0558812618255615
dataset/cstnd/0600 1 0.0017588138580322266 24 11 1 0.2860405445098877 1 0.8024828433990479
dataset/cstnd/0601 1 0.002045869827270508 48 11 1 0.2986116409301758 1 1.6101453304290771
dataset/cstnd/0602 1 0.0018887519836425781 40 11 1 0.5669775009155273 1 0.9501335620880127
dataset/cstnd/0603 1 0.0019779205322265625 40 11 1 0.280625581741333 1 2.231923818588257
dataset/cstnd/0604 1 0.002032041549682617 40 11 1 0.574472188949585 1 3.142271041870117
dataset/cstnd/0605 1 0.002995014190673828 48 15 1 0.5831873416900635 1 81.47756457328796
dataset/cstnd/0606 1 0.0018389225006103516 32 13 1 0.6021833419799805 1 117.07405924797058
dataset/cstnd/0607 1 0.00176239013671875 24 11 1 0.29091644287109375 1 0.6482677459716797
dataset/cstnd/0608 1 0.001950979232788086 40 11 1 0.5870544910430908 1 1.4505157470703125
dataset/cstnd/0609 1 0.0020787715911865234 48 11 1 0.5702509880065918 1 12.418954372406006
dataset/cstnd/0610 1 0.0019037723541259766 40 11 1 0.5999805927276611 1 15.200521230697632
dataset/cstnd/0611 1 0.0017011165618896484 24 13 1 0.3065500259399414 1 0.6846203804016113
dataset/cstnd/0612 1 0.001971721649169922 48 11 1 0.5611758232116699 1 7.355755567550659
dataset/cstnd/0613 1 0.001821279525756836 32 13 1 0.2868673801422119 1 1.5671210289001465
dataset/cstnd/0614 1 0.00274658203125 40 13 1 0.5810286998748779 1 4.142958164215088
dataset/cstnd/0615 1 0.002730131149291992 48 11 1 0.5714516639709473 1 10.710408926010132
dataset/cstnd/0616 1 0.0020020008087158203 48 11 1 0.5893948078155518 1 12.238259315490723
dataset/cstnd/0617 1 0.0019524097442626953 48 9 1 0.5951011180877686 1 0.7594971656799316
dataset/cstnd/0618 1 0.001802682876586914 32 11 1 0.2821383476257324 1 1.420823335647583
dataset/cstnd/0619 1 0.00189971923828125 40 11 1 0.2954111099243164 1 0.7461605072021484
dataset/cstnd/0620 1 0.002753019332885742 32 15 1 0.5833051204681396 1 3.6623752117156982
dataset/cstnd/0621 1 0.002161264419555664 48 11 1 0.5915036201477051 1 8.54021406173706
dataset/cstnd/0622 1 0.0018329620361328125 32 13 1 0.570357084274292 1 1.2542462348937988
dataset/cstnd/0623 1 0.001970529556274414 48 11 1 0.2805979251861572 1 1.673523187637329
dataset/cstnd/0624 1 0.0019500255584716797 40 11 1 0.5761504173278809 1 1.531097173690796
dataset/cstnd/0625 1 0.0028884410858154297 48 11 1 0.5902321338653564 1 6.880385637283325
dataset/cstnd/0626 1 0.0017066001892089844 24 13 1 0.584606409072876 1 1.7730917930603027
dataset/cstnd/0627 1 0.003164052963256836 48 13 1 0.5676174163818359 1 42.48127007484436
dataset/cstnd/0628 1 0.0017364025115966797 32 13 1 0.5691943168640137 1 7.981181621551514
dataset/cstnd/0629 1 0.0016942024230957031 24 9 1 0.5930099487304688 1 0.9847939014434814
dataset/cstnd/0630 1 0.0019257068634033203 40 11 1 0.5812427997589111 1 0.8324575424194336
dataset/cstnd/0631 1 0.0017499923706054688 32 9 1 0.3045012950897217 1 0.4032113552093506
dataset/cstnd/0632 1 0.002016305923461914 48 11 1 0.5635099411010742 1 1.9146628379821777
dataset/cstnd/0633 1 0.0017383098602294922 24 13 1 0.5819027423858643 1 0.9491982460021973
dataset/cstnd/0634 1 0.0017018318176269531 24 9 1 0.2980947494506836 1 0.36704373359680176
dataset/cstnd/0635 1 0.0017850399017333984 32 13 1 0.577322244644165 1 3.474409580230713
dataset/cstnd/0636 1 0.0018358230590820312 32 9 1 0.5913991928100586 1 1.3973147869110107
dataset/cstnd/0637 1 0.0017070770263671875 24 11 1 0.2973809242248535 1 0.8079090118408203
dataset/cstnd/0638 1 0.0017020702362060547 24 11 1 0.5817263126373291 1 1.5533499717712402
dataset/cstnd/0639 1 0.002095937728881836 48 11 1 0.28505468368530273 1 1.4135069847106934
dataset/cstnd/0640 1 0.002190828323364258 48 11 1 0.5768423080444336 1 6.785490274429321
dataset/cstnd/0641 1 0.002013683319091797 48 11 1 0.28524112701416016 1 0.6244297027587891
dataset/cstnd/0642 1 0.001985788345336914 48 11 1 0.5772042274475098 1 7.209099054336548
dataset/cstnd/0643 1 0.0019850730895996094 48 11 1 0.3160676956176758 1 1.0669543743133545
dataset/cstnd/0644 1 0.0020453929901123047 40 11 1 0.5955586433410645 1 2.267446756362915
dataset/cstnd/0645 1 0.0020110607147216797 48 11 1 0.5847952365875244 1 132.74536633491516
dataset/cstnd/0646 1 0.0018777847290039062 40 11 1 0.5800173282623291 1 1.238865852355957
dataset/cstnd/0647 1 0.0017774105072021484 32 11 1 0.29060816764831543 1 1.1059763431549072
dataset/cstnd/0648 1 0.0016694068908691406 32 9 1 0.5669643878936768 1 0.7391278743743896
dataset/cstnd/0649 1 0.0018343925476074219 32 13 1 0.574073076248169 1 81.9829044342041
dataset/cstnd/0650 1 0.0019490718841552734 48 11 1 0.5702645778656006 1 6.989088773727417
dataset/cstnd/0651 1 0.0019335746765136719 24 17 1 0.582733154296875 1 14.693627834320068
dataset/cstnd/0652 1 0.0019674301147460938 40 11 1 0.5715234279632568 1 2.0932295322418213
dataset/cstnd/0653 1 0.003058910369873047 48 11 1 0.5864832401275635 1 7.090027332305908
dataset/cstnd/0654 1 0.0017566680908203125 32 13 1 0.28562331199645996 1 0.9197416305541992
dataset/cstnd/0655 1 0.0016126632690429688 24 11 1 0.2976362705230713 1 0.7646174430847168
dataset/cstnd/0656 1 0.0020437240600585938 48 11 1 0.5720958709716797 1 3.9916634559631348
dataset/cstnd/0657 1 0.0020728111267089844 48 11 1 0.58282470703125 1 7.922264575958252
dataset/cstnd/0658 1 0.002092599868774414 48 11 1 0.28879499435424805 1 1.877239465713501
dataset/cstnd/0659 1 0.0028219223022460938 40 9 1 0.291614294052124 1 0.8919987678527832
dataset/cstnd/0660 1 0.002035856246948242 48 11 1 0.2864339351654053 1 0.786027193069458
dataset/cstnd/0661 1 0.0017578601837158203 32 9 1 0.30697083473205566 1 0.5146424770355225
dataset/cstnd/0662 1 0.0020904541015625 48 17 1 0.5673902034759521 1 8.55889081954956
dataset/cstnd/0663 1 0.0018625259399414062 40 11 1 0.28177762031555176 1 0.6150116920471191
dataset/cstnd/0664 1 0.001730203628540039 24 11 1 0.5770606994628906 1 1.4177346229553223
dataset/cstnd/0665 1 0.0017981529235839844 32 11 1 0.5812697410583496 1 1.0628454685211182
dataset/cstnd/0666 1 0.0019085407257080078 32 17 1 0.5627083778381348 1 22.703068494796753
dataset/cstnd/0667 1 0.0021436214447021484 48 11 1 0.28910040855407715 1 1.360393762588501
dataset/cstnd/0668 1 0.0017306804656982422 32 11 1 0.5606892108917236 1 1.3003251552581787
dataset/cstnd/0669 1 0.002079486846923828 48 11 1 0.2841966152191162 1 1.3943145275115967
dataset/cstnd/0670 1 0.0017974376678466797 32 11 1 0.2877840995788574 1 0.6963822841644287
dataset/cstnd/0671 1 0.002044200897216797 32 13 1 0.5870187282562256 1 324.1060194969177
dataset/cstnd/0672 1 0.0020644664764404297 48 17 1 0.584453821182251 1 7.2603700160980225
dataset/cstnd/0673 1 0.001981973648071289 48 11 1 0.33609867095947266 1 3.185868978500366
dataset/cstnd/0674 1 0.0017316341400146484 32 9 1 0.5892350673675537 1 0.6942875385284424
dataset/cstnd/0675 1 0.0015795230865478516 24 9 1 0.29014062881469727 1 0.5580291748046875
dataset/cstnd/0676 1 0.0017504692077636719 32 11 1 0.5881454944610596 1 0.7338278293609619
dataset/cstnd/0677 1 0.0018856525421142578 40 11 1 0.5888245105743408 1 2.4221105575561523
dataset/cstnd/0678 1 0.001970052719116211 48 11 1 0.2893636226654053 1 1.0816466808319092
dataset/cstnd/0679 1 0.0021533966064453125 40 11 1 0.5822381973266602 1 1.3803892135620117
dataset/cstnd/0680 1 0.00199127197265625 48 11 1 0.28760194778442383 1 1.021474838256836
dataset/cstnd/0681 1 0.001926422119140625 48 11 1 0.2849717140197754 1 0.6345992088317871
dataset/cstnd/0682 1 0.0021309852600097656 48 11 1 0.5718331336975098 1 8.657280683517456
dataset/cstnd/0683 1 0.0017399787902832031 24 11 1 0.5827805995941162 1 1.0433766841888428
dataset/cstnd/0684 1 0.0016875267028808594 24 11 1 0.2929205894470215 1 0.932744026184082
dataset/cstnd/0685 1 0.0020062923431396484 48 11 1 0.2834956645965576 1 1.589850902557373
dataset/cstnd/0686 1 0.0019054412841796875 40 11 1 0.578528881072998 1 7.157657623291016
dataset/cstnd/0687 1 0.001983642578125 48 11 1 0.29178738594055176 1 0.5988733768463135
dataset/cstnd/0688 1 0.0016269683837890625 24 9 1 0.284731388092041 1 0.38730955123901367
dataset/cstnd/0689 1 0.001965045928955078 48 11 1 0.5698177814483643 1 1.23785400390625
dataset/cstnd/0690 1 0.001819610595703125 32 13 1 0.585120439529419 1 10.351292133331299
dataset/cstnd/0691 1 0.001987457275390625 40 13 1 0.5799429416656494 1 15.844339370727539
dataset/cstnd/0692 1 0.0017535686492919922 32 11 1 0.2867698669433594 1 0.9390201568603516
dataset/cstnd/0693 1 0.0019698143005371094 40 13 1 0.5915341377258301 1 5.929774522781372
dataset/cstnd/0694 1 0.001844644546508789 32 11 1 0.5736751556396484 1 2.590484142303467
dataset/cstnd/0695 1 0.002043485641479492 48 11 1 0.5807197093963623 1 7.294665575027466
dataset/cstnd/0696 1 0.0018978118896484375 40 11 1 0.28124427795410156 1 0.6710612773895264
dataset/cstnd/0697 1 0.0026383399963378906 40 11 1 0.27455878257751465 1 1.1899962425231934
dataset/cstnd/0698 1 0.001852273941040039 40 11 1 0.29229187965393066 1 1.2924718856811523
dataset/cstnd/0699 1 0.0019621849060058594 48 11 1 0.574714183807373 1 6.703980207443237
dataset/cstnd/0700 1 0.001680135726928711 24 9 1 0.5763823986053467 1 4.8236167430877686
dataset/cstnd/0701 1 0.002798795700073242 40 9 1 0.29357099533081055 1 0.7346413135528564
dataset/cstnd/0702 1 0.0018911361694335938 32 9 1 0.5739254951477051 1 0.8535137176513672
dataset/cstnd/0703 1 0.0018470287322998047 32 11 1 0.2856936454772949 1 0.6722979545593262
dataset/cstnd/0704 1 0.0019257068634033203 40 11 1 0.5904479026794434 1 7.023876905441284
dataset/cstnd/0705 1 0.0019297599792480469 48 11 1 0.28536272048950195 1 1.5678999423980713
dataset/cstnd/0706 1 0.0019390583038330078 48 11 1 0.5842747688293457 1 11.708027601242065
dataset/cstnd/0707 1 0.0017235279083251953 24 11 1 0.2883613109588623 1 0.7597219944000244
dataset/cstnd/0708 1 0.001743316650390625 24 15 1 0.5772140026092529 1 36.30232763290405
dataset/cstnd/0709 1 0.0016922950744628906 32 11 1 0.5823671817779541 1 1.182196855545044
dataset/cstnd/0710 1 0.0017323493957519531 24 11 1 0.5876028537750244 1 1.1014320850372314
dataset/cstnd/0711 1 0.0020685195922851562 48 15 1 0.5780580043792725 1 1.7119355201721191
dataset/cstnd/0712 1 0.002034425735473633 40 11 1 0.5714554786682129 1 2.5609140396118164
dataset/cstnd/0713 1 0.0020208358764648438 48 11 1 0.5783746242523193 1 1.0519611835479736
dataset/cstnd/0714 1 0.0019600391387939453 48 11 1 0.5841939449310303 1 2.479609251022339
dataset/cstnd/0715 1 0.0020563602447509766 48 15 1 0.2821059226989746 1 0.8286364078521729
dataset/cstnd/0716 1 0.0020868778228759766 40 11 1 0.5854997634887695 1 3.804049253463745
dataset/cstnd/0717 1 0.0016617774963378906 32 7 1 0.5807769298553467 1 0.46459436416625977
dataset/cstnd/0718 1 0.001817941665649414 40 13 1 0.28934454917907715 1 0.5842597484588623
dataset/cstnd/0719 1 0.0016508102416992188 24 11 1 0.5758764743804932 1 6.232172012329102
dataset/cstnd/0720 1 0.0018162727355957031 24 11 1 0.28498029708862305 1 1.3681554794311523
dataset/cstnd/0721 1 0.001918792724609375 40 9 1 0.2876768112182617 1 0.8115406036376953
dataset/cstnd/0722 1 0.0018012523651123047 32 9 1 0.5721700191497803 1 0.6916472911834717
dataset/cstnd/0723 1 0.002073526382446289 48 11 1 0.5706355571746826 1 7.390365362167358
dataset/cstnd/0724 1 0.0018017292022705078 32 11 1 0.5815865993499756 1 4.673463344573975
dataset/cstnd/0725 1 0.0019478797912597656 40 11 1 0.5658514499664307 1 1.3859546184539795
dataset/cstnd/0726 1 0.001859426498413086 32 13 1 0.5812253952026367 1 4.28026556968689
dataset/cstnd/0727 1 0.0017380714416503906 24 15 1 0.5687668323516846 1 48.834423780441284
dataset/cstnd/0728 1 0.0017428398132324219 32 11 1 0.5899410247802734 1 1.8971493244171143
dataset/cstnd/0729 1 0.0015575885772705078 24 11 1 0.2950870990753174 1 0.5747029781341553
dataset/cstnd/0730 1 0.0019450187683105469 40 11 1 0.5850718021392822 1 11.325884580612183
dataset/cstnd/0731 1 0.001982450485229492 40 11 1 0.5858378410339355 1 25.480504989624023
dataset/cstnd/0732 1 0.0020494461059570312 48 11 1 0.5766324996948242 1 1.6291038990020752
dataset/cstnd/0733 1 0.001958608627319336 40 11 1 0.5617837905883789 1 10.435269117355347
dataset/cstnd/0734 1 0.0018970966339111328 40 11 1 0.5818235874176025 1 1.757728099822998
dataset/cstnd/0735 1 0.0016074180603027344 24 9 1 0.29005932807922363 1 0.6071956157684326
dataset/cstnd/0736 1 0.0019001960754394531 40 13 1 0.5972223281860352 1 2.125731945037842
dataset/cstnd/0737 1 0.0019290447235107422 40 17 1 0.5769772529602051 1 10.521223306655884
dataset/cstnd/0738 1 0.0017426013946533203 32 11 1 0.571782112121582 1 2.337935447692871
dataset/cstnd/0739 1 0.0017726421356201172 32 11 1 0.2891230583190918 1 1.0065228939056396
dataset/cstnd/0740 1 0.001878499984741211 40 11 1 0.5890071392059326 1 3.3658528327941895
dataset/cstnd/0741 1 0.001967191696166992 40 15 1 0.5937750339508057 1 4.812595844268799
dataset/cstnd/0742 1 0.0019440650939941406 40 13 1 0.5945899486541748 1 14.657225847244263
dataset/cstnd/0743 1 0.0017604827880859375 24 11 1 0.28621959686279297 1 1.5611705780029297
dataset/cstnd/0744 1 0.002548694610595703 32 11 1 0.5860068798065186 1 4.3306190967559814
dataset/cstnd/0745 1 0.001851797103881836 32 15 1 0.5856163501739502 1 14.353286027908325
dataset/cstnd/0746 1 0.0018315315246582031 40 11 1 0.2925143241882324 1 0.9952836036682129
dataset/cstnd/0747 1 0.0018811225891113281 40 15 1 0.623054027557373 1 3.1055197715759277
dataset/cstnd/0748 1 0.0018911361694335938 40 11 1 0.29071879386901855 1 0.9676873683929443
dataset/cstnd/0749 1 0.0020208358764648438 48 11 1 0.289548397064209 1 1.4356701374053955
dataset/cstnd/0750 1 0.0018563270568847656 40 11 1 0.297670841217041 1 1.9024848937988281
dataset/cstnd/0751 1 0.0016825199127197266 24 11 1 0.5877165794372559 1 6.488576650619507
dataset/cstnd/0752 1 0.0020036697387695312 48 11 1 0.5767085552215576 1 16.68722701072693
dataset/cstnd/0753 1 0.0018074512481689453 32 11 1 0.29020261764526367 1 0.7344808578491211
dataset/cstnd/0754 1 0.0016644001007080078 24 11 1 0.3092494010925293 1 0.6646218299865723
dataset/cstnd/0755 1 0.0017156600952148438 24 13 1 0.5910029411315918 1 1.0053021907806396
dataset/cstnd/0756 1 0.0017611980438232422 24 11 1 0.2894618511199951 1 0.8097801208496094
dataset/cstnd/0757 1 0.0017914772033691406 32 11 1 0.2958998680114746 1 0.7553160190582275
dataset/cstnd/0758 1 0.0019352436065673828 40 11 1 0.5884730815887451 1 2.4748330116271973
dataset/cstnd/0759 1 0.0015385150909423828 24 9 1 0.5803883075714111 1 0.8431384563446045
dataset/cstnd/0760 1 0.0016796588897705078 24 11 1 0.2899496555328369 1 1.075462818145752
dataset/cstnd/0761 1 0.0019078254699707031 40 11 1 0.5743935108184814 1 1.0925061702728271
dataset/cstnd/0762 1 0.0020265579223632812 48 11 1 0.5672180652618408 1 2.0278899669647217
dataset/cstnd/0763 1 0.0018029212951660156 32 13 1 0.28965306282043457 1 1.3658490180969238
dataset/cstnd/0764 1 0.0018963813781738281 40 11 1 0.58937668800354 1 13.237330198287964
dataset/cstnd/0765 1 0.0018448829650878906 40 11 1 0.5878584384918213 1 115.08352971076965
dataset/cstnd/0766 1 0.0016798973083496094 24 11 1 0.5927886962890625 1 4.421617031097412
dataset/cstnd/0767 1 0.0020890235900878906 48 11 1 0.5824284553527832 1 6.770977735519409
dataset/cstnd/0768 1 0.001631021499633789 24 11 1 0.5894744396209717 1 1.1953375339508057
dataset/cstnd/0769 1 0.001794576644897461 32 11 1 0.5814237594604492 1 2.0580379962921143
dataset/cstnd/0770 1 0.001973390579223633 48 11 1 0.5960195064544678 1 23.38901925086975
dataset/cstnd/0771 1 0.0022592544555664062 48 11 1 0.5932667255401611 1 6.8290181159973145
dataset/cstnd/0772 1 0.0017993450164794922 32 11 1 0.28770947456359863 1 0.5436232089996338
dataset/cstnd/0773 1 0.0018503665924072266 32 11 1 0.30127978324890137 1 0.9368913173675537
dataset/cstnd/0774 1 0.0031189918518066406 48 11 1 0.5760636329650879 1 4.289466381072998
dataset/cstnd/0775 1 0.001802206039428711 32 9 1 0.29232263565063477 1 1.0222232341766357
dataset/cstnd/0776 1 0.0016901493072509766 24 11 1 0.2901275157928467 1 0.4454352855682373
dataset/cstnd/0777 1 0.00200653076171875 48 11 1 0.2967660427093506 1 1.0198314189910889
dataset/cstnd/0778 1 0.0019719600677490234 40 11 1 0.5849308967590332 1 6.91030478477478
dataset/cstnd/0779 1 0.0017766952514648438 24 13 1 0.5930984020233154 1 926.3883249759674
dataset/cstnd/0780 1 0.002059459686279297 40 11 1 0.5882883071899414 1 10.447688341140747
dataset/cstnd/0781 1 0.0018837451934814453 40 11 1 0.2788887023925781 1 2.0801823139190674
dataset/cstnd/0782 1 0.0027954578399658203 40 11 1 0.5817556381225586 1 49.758530616760254
dataset/cstnd/0783 1 0.0017156600952148438 32 9 1 0.2967689037322998 1 0.5134680271148682
dataset/cstnd/0784 1 0.001989126205444336 48 11 1 0.5746171474456787 1 1.6248409748077393
dataset/cstnd/0785 1 0.002070188522338867 48 11 1 0.28362083435058594 1 1.4913673400878906
dataset/cstnd/0786 1 0.0017914772033691406 24 9 1 0.2930777072906494 1 1.1904194355010986
dataset/cstnd/0787 1 0.001775503158569336 32 11 1 0.2843022346496582 1 1.2164661884307861
dataset/cstnd/0788 1 0.0019421577453613281 40 11 1 0.5741584300994873 1 2.224001407623291
dataset/cstnd/0789 1 0.0017604827880859375 24 17 1 0.5999400615692139 1 3.1304423809051514
dataset/cstnd/0790 1 0.0017151832580566406 24 11 1 0.5799312591552734 1 1.1653225421905518
dataset/cstnd/0791 1 0.0019686222076416016 48 11 1 0.274242639541626 1 2.0988664627075195
dataset/cstnd/0792 1 0.0027816295623779297 40 11 1 0.5691921710968018 1 1.0510969161987305
dataset/cstnd/0793 1 0.0020325183868408203 48 11 1 0.5718891620635986 1 1.261148452758789
dataset/cstnd/0794 1 0.0017352104187011719 32 11 1 0.2901570796966553 1 0.5979816913604736
dataset/cstnd/0795 1 0.0019197463989257812 48 11 1 0.5707757472991943 1 7.129071235656738
dataset/cstnd/0796 1 0.0020368099212646484 40 11 1 0.2860453128814697 1 1.314485788345337
dataset/cstnd/0797 1 0.0026874542236328125 32 15 1 0.5755634307861328 1 19.654980421066284
dataset/cstnd/0798 1 0.001955747604370117 48 11 1 0.5732922554016113 1 2.0818443298339844
dataset/cstnd/0799 1 0.0016658306121826172 24 11 1 0.29190707206726074 1 2.564751148223877
dataset/cstnd/0800 1 0.0018665790557861328 40 11 1 0.5683703422546387 1 1.736311674118042
dataset/cstnd/0801 1 0.002058744430541992 40 11 1 0.5726761817932129 1 1.243950605392456
dataset/cstnd/0802 1 0.0018727779388427734 32 11 1 0.290905237197876 1 1.8794481754302979
dataset/cstnd/0803 1 0.0018153190612792969 32 11 1 0.28411102294921875 1 1.6879448890686035
dataset/cstnd/0804 1 0.0019011497497558594 40 11 1 0.5663919448852539 1 1.4502549171447754
dataset/cstnd/0805 1 0.0017194747924804688 24 11 1 0.28833580017089844 1 0.5367836952209473
dataset/cstnd/0806 1 0.0016202926635742188 24 9 1 0.591780424118042 1 0.6841387748718262
dataset/cstnd/0807 1 0.0019485950469970703 40 11 1 0.5793149471282959 1 7.757723093032837
dataset/cstnd/0808 1 0.0020322799682617188 48 11 1 0.2897908687591553 1 1.2437033653259277
dataset/cstnd/0809 1 0.0018284320831298828 32 11 1 0.5851967334747314 1 1.377096176147461
dataset/cstnd/0810 1 0.002046346664428711 48 11 1 0.576535701751709 1 6.662173271179199
dataset/cstnd/0811 1 0.002128124237060547 48 11 1 0.5779445171356201 1 16.02306628227234
dataset/cstnd/0812 1 0.0020110607147216797 48 11 1 0.2938098907470703 1 2.314822196960449
dataset/cstnd/0813 1 0.0020613670349121094 48 11 1 0.5818312168121338 1 6.701674938201904
dataset/cstnd/0814 1 0.0020530223846435547 48 13 1 0.5823962688446045 1 17.122052431106567
dataset/cstnd/0815 1 0.002067089080810547 48 11 1 0.5682473182678223 1 1.0911352634429932
dataset/cstnd/0816 1 0.0031981468200683594 48 11 1 0.5802516937255859 1 2.6690220832824707
dataset/cstnd/0817 1 0.0016701221466064453 24 9 1 0.26973772048950195 1 0.48967862129211426
dataset/cstnd/0818 1 0.003052234649658203 48 13 1 0.5810530185699463 1 10.400870323181152
dataset/cstnd/0819 1 0.0020377635955810547 48 11 1 0.29342079162597656 1 2.1578214168548584
dataset/cstnd/0820 1 0.002050638198852539 48 11 1 0.5735471248626709 1 7.777512788772583
dataset/cstnd/0821 1 0.0019903182983398438 40 15 1 0.5935447216033936 1 6.937277317047119
dataset/cstnd/0822 1 0.0017895698547363281 32 13 1 0.28314757347106934 1 1.2325553894042969
dataset/cstnd/0823 1 0.0019087791442871094 40 11 1 0.5685698986053467 1 1.0802781581878662
dataset/cstnd/0824 1 0.001956462860107422 40 11 1 0.6041257381439209 1 2.3475918769836426
dataset/cstnd/0825 1 0.0018377304077148438 32 9 1 0.29435253143310547 1 0.9786548614501953
dataset/cstnd/0826 1 0.0017364025115966797 24 13 1 0.28794002532958984 1 63.83910536766052
dataset/cstnd/0827 1 0.00188446044921875 40 11 1 0.283282995223999 1 1.5441746711730957
dataset/cstnd/0828 1 0.002817392349243164 32 13 1 0.5982024669647217 1 128.30819249153137
dataset/cstnd/0829 1 0.0016493797302246094 24 9 1 0.28571438789367676 1 0.47345805168151855
dataset/cstnd/0830 1 0.0017464160919189453 32 11 1 0.2984659671783447 1 0.8340458869934082
dataset/cstnd/0831 1 0.0019609928131103516 48 11 1 0.5796065330505371 1 1.5636463165283203
dataset/cstnd/0832 1 0.0020384788513183594 48 11 1 0.5735969543457031 1 1.4505724906921387
dataset/cstnd/0833 1 0.0019080638885498047 40 11 1 0.582421064376831 1 7.529506683349609
dataset/cstnd/0834 1 0.0019078254699707031 40 13 1 0.5802900791168213 1 3.229785203933716
dataset/cstnd/0835 1 0.0020537376403808594 48 11 1 0.5860247611999512 1 7.031371116638184
dataset/cstnd/0836 1 0.002141714096069336 48 15 1 0.570946455001831 1 2.1399879455566406
dataset/cstnd/0837 1 0.0020608901977539062 48 11 1 0.5729739665985107 1 6.926149129867554
dataset/cstnd/0838 1 0.0017278194427490234 32 9 1 0.30257177352905273 1 0.6250386238098145
dataset/cstnd/0839 1 0.001865386962890625 40 11 1 0.2875669002532959 1 0.6433453559875488
dataset/cstnd/0840 1 0.0018572807312011719 40 11 1 0.28760313987731934 1 3.793203830718994
dataset/cstnd/0841 1 0.0017707347869873047 32 11 1 0.5790643692016602 1 48.368380546569824
dataset/cstnd/0842 1 0.001850128173828125 40 11 1 0.5689952373504639 1 1.5552279949188232
dataset/cstnd/0843 1 0.001998424530029297 48 11 1 0.5708696842193604 1 6.637828826904297
dataset/cstnd/0844 1 0.00191497802734375 40 11 1 0.5731871128082275 1 11.102358102798462
dataset/cstnd/0845 1 0.00197601318359375 48 11 1 0.3080132007598877 1 0.7390682697296143
dataset/cstnd/0846 1 0.0021123886108398438 48 11 1 0.5778002738952637 1 1.5317485332489014
dataset/cstnd/0847 1 0.0019009113311767578 32 13 1 0.5672545433044434 1 23.4709255695343
dataset/cstnd/0848 1 0.002366781234741211 48 15 1 0.5968146324157715 1 52.650810956954956
dataset/cstnd/0849 1 0.001819610595703125 32 11 1 0.590543270111084 1 3.3494386672973633
dataset/cstnd/0850 1 0.0019142627716064453 40 11 1 0.5709705352783203 1 6.749810218811035
dataset/cstnd/0851 1 0.001725912094116211 24 11 1 0.5777788162231445 1 1.7710802555084229
dataset/cstnd/0852 1 0.0024781227111816406 32 9 1 0.5949947834014893 1 2.905761241912842
dataset/cstnd/0853 1 0.00205230712890625 48 11 1 0.5638997554779053 1 1.2738847732543945
dataset/cstnd/0854 1 0.0019044876098632812 32 13 1 0.5845448970794678 1 456.3326737880707
dataset/cstnd/0855 1 0.001859903335571289 32 13 1 0.3021068572998047 1 2.7427828311920166
dataset/cstnd/0856 1 0.0018639564514160156 32 11 1 0.3015871047973633 1 1.731506109237671
dataset/cstnd/0857 1 0.002055644989013672 48 11 1 0.3056497573852539 1 3.322272539138794
dataset/cstnd/0858 1 0.0019936561584472656 48 11 1 0.576596736907959 1 1.5042126178741455
dataset/cstnd/0859 1 0.002026796340942383 48 11 1 0.31420183181762695 1 1.8708984851837158
dataset/cstnd/0860 1 0.002599954605102539 24 11 1 0.5804879665374756 1 1.3494293689727783
dataset/cstnd/0861 1 0.0018072128295898438 32 11 1 0.29247450828552246 1 1.4050605297088623
dataset/cstnd/0862 1 0.001994609832763672 40 13 1 0.5865027904510498 1 13.250407218933105
dataset/cstnd/0863 1 0.0020465850830078125 48 11 1 0.5910394191741943 1 23.98126530647278
dataset/cstnd/0864 1 0.0016949176788330078 24 13 1 0.2906379699707031 1 0.8690478801727295
dataset/cstnd/0865 1 0.0016107559204101562 24 9 1 0.5966567993164062 1 0.6003544330596924
dataset/cstnd/0866 1 0.0017294883728027344 24 15 1 0.5975511074066162 1 6.988544702529907
dataset/cstnd/0867 1 0.0018897056579589844 40 11 1 0.288651704788208 1 0.9797031879425049
dataset/cstnd/0868 1 0.0017173290252685547 32 11 1 0.30576491355895996 1 1.0182175636291504
dataset/cstnd/0869 1 0.0017323493957519531 32 11 1 0.2954072952270508 1 1.9174814224243164
dataset/cstnd/0870 1 0.0018482208251953125 32 11 1 0.6013391017913818 1 1.184617042541504
dataset/cstnd/0871 1 0.0019223690032958984 32 13 1 0.571835994720459 1 2.2529759407043457
dataset/cstnd/0872 1 0.003117799758911133 48 11 1 0.2872934341430664 1 0.7046749591827393
dataset/cstnd/0873 1 0.001954793930053711 40 11 1 0.3012073040008545 1 1.6749475002288818
dataset/cstnd/0874 1 0.0020051002502441406 32 11 1 0.5944039821624756 1 3.6463863849639893
dataset/cstnd/0875 1 0.0017371177673339844 32 9 1 0.2930409908294678 1 0.4843471050262451
dataset/cstnd/0876 1 0.0018954277038574219 40 11 1 0.5858814716339111 1 0.7856156826019287
dataset/cstnd/0877 1 0.0026328563690185547 24 11 1 0.2890965938568115 1 0.6296660900115967
dataset/cstnd/0878 1 0.0019221305847167969 40 11 1 0.2938723564147949 1 0.7137813568115234
dataset/cstnd/0879 1 0.001956462860107422 48 11 1 0.5944304466247559 1 3.1304850578308105
dataset/cstnd/0880 1 0.0017955303192138672 40 11 1 0.5981888771057129 1 3.0573837757110596
dataset/cstnd/0881 1 0.0020096302032470703 48 11 1 0.5994093418121338 1 10.626095533370972
dataset/cstnd/0882 1 0.0020072460174560547 48 11 1 0.2841019630432129 1 2.0427181720733643
dataset/cstnd/0883 1 0.0018966197967529297 40 13 1 0.2977912425994873 1 2.3060567378997803
dataset/cstnd/0884 1 0.001994609832763672 40 11 1 0.6095731258392334 1 2.7289626598358154
dataset/cstnd/0885 1 0.0020318031311035156 48 11 1 0.5853519439697266 1 7.9704999923706055
dataset/cstnd/0886 1 0.0019354820251464844 40 13 1 0.5885002613067627 1 36.56182336807251
dataset/cstnd/0887 1 0.0018677711486816406 40 11 1 0.2796661853790283 1 1.4269156455993652
dataset/cstnd/0888 1 0.002826213836669922 40 11 1 0.5731732845306396 1 1.5715126991271973
dataset/cstnd/0889 1 0.0017552375793457031 24 13 1 0.2864534854888916 1 0.47699999809265137
dataset/cstnd/0890 1 0.0019068717956542969 40 11 1 0.5716235637664795 1 9.049139976501465
dataset/cstnd/0891 1 0.0020203590393066406 48 11 1 0.5746729373931885 1 8.66292691230774
dataset/cstnd/0892 1 0.0017747879028320312 32 13 1 0.2836482524871826 1 1.2324004173278809
dataset/cstnd/0893 1 0.0019137859344482422 40 11 1 0.29341864585876465 1 2.3428795337677
dataset/cstnd/0894 1 0.001996755599975586 40 11 1 0.588672399520874 1 12.578415393829346
dataset/cstnd/0895 1 0.0017654895782470703 32 11 1 0.5738224983215332 1 1.0834834575653076
dataset/cstnd/0896 1 0.0019729137420654297 40 11 1 0.549746036529541 1 5.137223720550537
dataset/cstnd/0897 1 0.002031564712524414 48 11 1 0.5973169803619385 1 2.603527545928955
dataset/cstnd/0898 1 0.002053499221801758 48 11 1 0.5810530185699463 1 6.866448640823364
dataset/cstnd/0899 1 0.0018951892852783203 40 11 1 0.29509782791137695 1 0.5460035800933838
dataset/cstnd/0900 1 0.002004861831665039 40 15 1 0.5791120529174805 1 127.761310338974
dataset/cstnd/0901 1 0.0016911029815673828 24 11 1 0.5847485065460205 1 1.3251867294311523
dataset/cstnd/0902 1 0.0017361640930175781 32 11 1 0.5659914016723633 1 2.345736265182495
dataset/cstnd/0903 1 0.0021665096282958984 48 11 1 0.5823092460632324 1 11.350455284118652
dataset/cstnd/0904 1 0.0020666122436523438 48 11 1 0.28623223304748535 1 2.486966848373413
dataset/cstnd/0905 1 0.002048969268798828 48 11 1 0.570235013961792 1 7.35390567779541
dataset/cstnd/0906 1 0.00188446044921875 48 11 1 0.27845048904418945 1 1.1748156547546387
dataset/cstnd/0907 1 0.0016717910766601562 24 11 1 0.2902798652648926 1 0.9833312034606934
dataset/cstnd/0908 1 0.0020313262939453125 40 11 1 0.5766727924346924 1 15.971537351608276
dataset/cstnd/0909 1 0.0018601417541503906 24 11 1 0.29061198234558105 1 0.6564059257507324
dataset/cstnd/0910 1 0.0017547607421875 32 11 1 0.30156874656677246 1 0.5085468292236328
dataset/cstnd/0911 1 0.00179290771484375 32 13 1 0.5749557018280029 1 12.090886354446411
dataset/cstnd/0912 1 0.001969575881958008 40 11 1 0.5660731792449951 1 2.4559617042541504
dataset/cstnd/0913 1 0.0020914077758789062 48 11 1 0.5776278972625732 1 2.6964778900146484
dataset/cstnd/0914 1 0.002707958221435547 32 13 1 0.29230165481567383 1 8.60241150856018
dataset/cstnd/0915 1 0.0017440319061279297 32 9 1 0.5787026882171631 1 0.6169881820678711
dataset/cstnd/0916 1 0.0018417835235595703 40 9 1 0.5714638233184814 1 2.952453851699829
dataset/cstnd/0917 1 0.0020492076873779297 40 11 1 0.29792332649230957 1 0.5385067462921143
dataset/cstnd/0918 1 0.0017435550689697266 24 11 1 0.28685975074768066 1 0.5983173847198486
dataset/cstnd/0919 1 0.0018987655639648438 40 11 1 0.5954883098602295 1 4.546306133270264
dataset/cstnd/0920 1 0.002123117446899414 48 11 1 0.28247880935668945 1 0.7644691467285156
dataset/cstnd/0921 1 0.002077341079711914 48 11 1 0.29219484329223633 1 1.4630117416381836
dataset/cstnd/0922 1 0.0020072460174560547 48 13 1 0.29955458641052246 1 1.5028560161590576
dataset/cstnd/0923 1 0.0019180774688720703 40 11 1 0.5683352947235107 1 1.364480972290039
dataset/cstnd/0924 1 0.002132892608642578 48 15 1 0.5751049518585205 1 216.67959308624268
dataset/cstnd/0925 1 0.0018582344055175781 32 13 1 0.578554630279541 1 6.294712066650391
dataset/cstnd/0926 1 0.0017058849334716797 24 11 1 0.2878577709197998 1 0.8332259654998779
dataset/cstnd/0927 1 0.0019466876983642578 40 11 1 0.28725433349609375 1 0.8197922706604004
dataset/cstnd/0928 1 0.002121448516845703 48 11 1 0.5835757255554199 1 6.838019371032715
dataset/cstnd/0929 1 0.0017681121826171875 24 9 1 0.2842438220977783 1 0.4552161693572998
dataset/cstnd/0930 1 0.001672983169555664 24 13 1 0.28921961784362793 1 1.0222105979919434
dataset/cstnd/0931 1 0.0017235279083251953 24 11 1 0.5837550163269043 1 10.652035236358643
dataset/cstnd/0932 1 0.0019061565399169922 40 11 1 0.581341028213501 1 26.42185139656067
dataset/cstnd/0933 1 0.0018796920776367188 32 11 1 0.2869541645050049 1 0.881911039352417
dataset/cstnd/0934 1 0.001917123794555664 32 13 1 0.5977356433868408 1 81.3167176246643
dataset/cstnd/0935 1 0.0019969940185546875 48 11 1 0.2991323471069336 1 3.6361300945281982
dataset/cstnd/0936 1 0.0017292499542236328 24 11 1 0.5877685546875 1 1.6553654670715332
dataset/cstnd/0937 1 0.0017538070678710938 32 11 1 0.564988374710083 1 1.4319007396697998
dataset/cstnd/0938 1 0.0018970966339111328 40 11 1 0.5755929946899414 1 2.8219122886657715
dataset/cstnd/0939 1 0.002043008804321289 48 13 1 0.2877233028411865 1 1.5938255786895752
dataset/cstnd/0940 1 0.0017235279083251953 24 11 1 0.5739748477935791 1 22.40255618095398
dataset/cstnd/0941 1 0.002001523971557617 32 11 1 0.5799427032470703 1 0.8355355262756348
dataset/cstnd/0942 1 0.0018739700317382812 32 9 1 0.28798890113830566 1 0.578460693359375
dataset/cstnd/0943 1 0.0018122196197509766 32 13 1 0.2895090579986572 1 1.4894874095916748
dataset/cstnd/0944 1 0.0015208721160888672 24 9 1 0.3010549545288086 1 0.5219244956970215
dataset/cstnd/0945 1 0.0026323795318603516 40 17 1 0.585259199142456 1 79.03365921974182
dataset/cstnd/0946 1 0.0019412040710449219 40 11 1 0.28626441955566406 1 1.6847267150878906
dataset/cstnd/0947 1 0.0016460418701171875 24 11 1 0.5711262226104736 1 0.8263907432556152
dataset/cstnd/0948 1 0.002041339874267578 48 11 1 0.5606021881103516 1 6.74739933013916
dataset/cstnd/0949 1 0.0020542144775390625 48 11 1 0.2913191318511963 1 1.5756444931030273
dataset/cstnd/0950 1 0.0020263195037841797 40 13 1 0.28900575637817383 1 2.2215027809143066
dataset/cstnd/0951 1 0.0016710758209228516 24 11 1 0.5747783184051514 1 1.183373212814331
dataset/cstnd/0952 1 0.0018601417541503906 40 11 1 0.30047130584716797 1 2.055314779281616
dataset/cstnd/0953 1 0.002807140350341797 48 11 1 0.28821539878845215 1 1.6345021724700928
dataset/cstnd/0954 1 0.0018842220306396484 40 11 1 0.29389429092407227 1 1.0377461910247803
dataset/cstnd/0955 1 0.0015940666198730469 24 11 1 0.2880442142486572 1 0.6207804679870605
dataset/cstnd/0956 1 0.0020885467529296875 48 11 1 0.5792646408081055 1 1.8092024326324463
dataset/cstnd/0957 1 0.0016558170318603516 24 13 1 0.5693659782409668 1 28.29573154449463
dataset/cstnd/0958 1 0.0017194747924804688 32 9 1 0.583899974822998 1 2.7592198848724365
dataset/cstnd/0959 1 0.0016398429870605469 24 11 1 0.5786159038543701 1 0.6904277801513672
dataset/cstnd/0960 1 0.0016133785247802734 24 11 1 0.573845624923706 1 16.353525161743164
dataset/cstnd/0961 1 0.0020225048065185547 48 11 1 0.2897524833679199 1 1.664144515991211
dataset/cstnd/0962 1 0.001867055892944336 40 11 1 0.591672420501709 1 30.908128261566162
dataset/cstnd/0963 1 0.0018062591552734375 32 11 1 0.5740466117858887 1 23.555603742599487
dataset/cstnd/0964 1 0.002128124237060547 48 11 1 0.5759522914886475 1 7.507854700088501
dataset/cstnd/0965 1 0.0018024444580078125 32 11 1 0.2950441837310791 1 0.4936995506286621
dataset/cstnd/0966 1 0.0018935203552246094 40 11 1 0.2770349979400635 1 0.7142441272735596
dataset/cstnd/0967 1 0.0030989646911621094 48 11 1 0.5953614711761475 1 7.035330772399902
dataset/cstnd/0968 1 0.0016908645629882812 24 11 1 0.286865234375 1 1.1380860805511475
dataset/cstnd/0969 1 0.0019686222076416016 40 11 1 0.5688467025756836 1 1.3965930938720703
dataset/cstnd/0970 1 0.0017495155334472656 24 13 1 0.5650897026062012 1 0.8062000274658203
dataset/cstnd/0971 1 0.0016999244689941406 24 11 1 0.5721859931945801 1 0.8744866847991943
dataset/cstnd/0972 1 0.0023860931396484375 32 13 1 0.28580546379089355 1 0.8029162883758545
dataset/cstnd/0973 1 0.0019783973693847656 48 11 1 0.584970235824585 1 1.633225917816162
dataset/cstnd/0974 1 0.0017409324645996094 32 11 1 0.2886545658111572 1 1.0197112560272217
dataset/cstnd/0975 1 0.0021753311157226562 48 11 1 0.5844271183013916 1 6.926066637039185
dataset/cstnd/0976 1 0.0016918182373046875 24 11 1 0.2933492660522461 1 0.6846215724945068
dataset/cstnd/0977 1 0.001953125 40 13 1 0.30503010749816895 1 5.31738018989563
dataset/cstnd/0978 1 0.0018036365509033203 32 15 1 0.5744602680206299 1 18.94148850440979
dataset/cstnd/0979 1 0.0018153190612792969 32 13 1 0.5891928672790527 1 5.679062843322754
dataset/cstnd/0980 1 0.0017921924591064453 32 11 1 0.5856561660766602 1 1.7040886878967285
dataset/cstnd/0981 1 0.0019071102142333984 32 13 1 0.5643582344055176 1 20.83083701133728
dataset/cstnd/0982 1 0.0017559528350830078 32 11 1 0.5894320011138916 1 10.672049283981323
dataset/cstnd/0983 1 0.0016918182373046875 24 11 1 0.30223798751831055 1 0.9260497093200684
dataset/cstnd/0984 1 0.0019931793212890625 40 11 1 0.28748297691345215 1 0.9073755741119385
dataset/cstnd/0985 1 0.001730203628540039 24 13 1 0.2861478328704834 1 0.6455898284912109
dataset/cstnd/0986 1 0.002083301544189453 48 11 1 0.2917451858520508 1 1.787400484085083
dataset/cstnd/0987 1 0.001969575881958008 48 11 1 0.5753397941589355 1 19.288105010986328
dataset/cstnd/0988 1 0.001756906509399414 32 11 1 0.5882058143615723 1 2.9008448123931885
dataset/cstnd/0989 1 0.0019524097442626953 48 11 1 0.28833889961242676 1 3.023587703704834
dataset/cstnd/0990 1 0.0018031597137451172 32 13 1 0.2915995121002197 1 0.7832322120666504
dataset/cstnd/0991 1 0.0020024776458740234 48 11 1 0.5819880962371826 1 7.713932991027832
dataset/cstnd/0992 1 0.0017061233520507812 32 9 1 0.2885260581970215 1 0.5103366374969482
dataset/cstnd/0993 1 0.001888275146484375 32 15 1 0.5777428150177002 1 454.9498760700226
dataset/cstnd/0994 1 0.0015881061553955078 24 7 1 0.28715991973876953 1 0.3343656063079834
dataset/cstnd/0995 1 0.002750873565673828 40 11 1 0.28493499755859375 1 1.1679184436798096
dataset/cstnd/0996 1 0.0020694732666015625 48 13 1 0.5778622627258301 1 102.45476245880127
dataset/cstnd/0997 1 0.0018732547760009766 48 9 1 0.5727791786193848 1 0.758772611618042
dataset/cstnd/0998 1 0.0028083324432373047 48 11 1 0.5866231918334961 1 6.989089250564575
dataset/cstnd/0999 1 0.0017709732055664062 24 17 1 0.5790426731109619 1 0.7217962741851807
dataset/cstnd/1000 1 0.0020394325256347656 48 13 1 0.5847561359405518 1 8.840114831924438
