dataset/cstnud/0001 1 0.0016522407531738281 24 9 1 0.28527379035949707 1 0.6046500205993652
dataset/cstnud/0002 1 0.0016636848449707031 24 9 1 0.5816218852996826 1 3.0494847297668457
dataset/cstnud/0003 1 0.0019004344940185547 36 9 1 0.6020553112030029 1 8.023754835128784
dataset/cstnud/0004 1 0.001483917236328125 18 9 1 0.2922813892364502 1 0.6924469470977783
dataset/cstnud/0005 1 0.001722097396850586 30 9 1 0.5834460258483887 1 1.5106167793273926
dataset/cstnud/0006 1 0.0016856193542480469 30 9 1 0.5857341289520264 1 0.9314820766448975
dataset/cstnud/0007 1 0.0018277168273925781 36 9 1 0.5867137908935547 1 2.8838610649108887
dataset/cstnud/0008 1 0.0017523765563964844 30 9 1 0.2866847515106201 1 0.4573678970336914
dataset/cstnud/0009 1 0.0016613006591796875 24 7 1 0.2961099147796631 1 0.778522253036499
dataset/cstnud/0010 1 0.001955747604370117 36 9 1 0.5833094120025635 1 3.5437843799591064
dataset/cstnud/0011 1 0.0016868114471435547 30 9 1 0.2995438575744629 1 0.47159743309020996
dataset/cstnud/0012 1 0.0018372535705566406 36 7 1 0.5762827396392822 1 0.7646830081939697
dataset/cstnud/0013 1 0.0017251968383789062 24 11 1 0.5689451694488525 1 3.6816956996917725
dataset/cstnud/0014 1 0.0015411376953125 18 7 1 0.284104585647583 1 0.38819360733032227
dataset/cstnud/0015 1 0.0017971992492675781 30 9 1 0.2969639301300049 1 0.5221505165100098
dataset/cstnud/0016 1 0.0016283988952636719 18 11 1 0.5820939540863037 1 1.6800365447998047
dataset/cstnud/0017 1 0.0017325878143310547 30 9 1 0.5855302810668945 1 1.461118221282959
dataset/cstnud/0018 1 0.0017404556274414062 30 9 1 0.5845794677734375 1 1.9971680641174316
dataset/cstnud/0019 1 0.0017886161804199219 24 11 1 0.5863025188446045 1 22.37489938735962
dataset/cstnud/0020 1 0.0018429756164550781 36 9 1 0.574317455291748 1 2.9080960750579834
dataset/cstnud/0021 1 0.0018324851989746094 36 9 1 0.5852186679840088 1 9.373818159103394
dataset/cstnud/0022 1 0.0019137859344482422 36 9 1 0.5830535888671875 1 9.293415307998657
dataset/cstnud/0023 1 0.001558065414428711 18 7 1 0.28808069229125977 1 0.37502431869506836
dataset/cstnud/0024 1 0.001886129379272461 36 9 1 0.5855941772460938 1 2.401674270629883
dataset/cstnud/0025 1 0.0015730857849121094 24 9 1 0.5983486175537109 1 1.0254476070404053
dataset/cstnud/0026 1 0.0016541481018066406 24 9 1 0.5731728076934814 1 1.0385770797729492
dataset/cstnud/0027 1 0.0019202232360839844 36 9 1 0.5867254734039307 1 3.0798351764678955
dataset/cstnud/0028 1 0.0017685890197753906 36 9 1 0.5767297744750977 1 9.802922487258911
dataset/cstnud/0029 1 0.002704620361328125 36 9 1 0.5802788734436035 1 7.994840860366821
dataset/cstnud/0030 1 0.0016210079193115234 24 9 1 0.28756141662597656 1 1.5699758529663086
dataset/cstnud/0031 1 0.0019485950469970703 36 9 1 0.5773839950561523 1 2.5114383697509766
dataset/cstnud/0032 1 0.001848459243774414 36 9 1 0.30205321311950684 1 3.9741227626800537
dataset/cstnud/0033 1 0.0018343925476074219 36 9 1 0.2885119915008545 1 1.4661519527435303
dataset/cstnud/0034 1 0.0017976760864257812 30 9 1 0.571829080581665 1 160.5575966835022
dataset/cstnud/0035 1 0.0018689632415771484 36 9 1 0.587517261505127 1 18.42029333114624
dataset/cstnud/0036 1 0.0014972686767578125 18 9 1 0.5788660049438477 1 0.8480939865112305
dataset/cstnud/0037 1 0.0018041133880615234 30 9 1 0.2905092239379883 1 0.9919915199279785
dataset/cstnud/0038 1 0.001718759536743164 30 9 1 0.5964109897613525 1 0.9015531539916992
dataset/cstnud/0039 1 0.00191497802734375 36 9 1 0.5741837024688721 1 2.8506152629852295
dataset/cstnud/0040 1 0.0017247200012207031 30 9 1 0.5800771713256836 1 2.7402026653289795
dataset/cstnud/0041 1 0.0015845298767089844 18 9 1 0.5658233165740967 1 0.6252744197845459
dataset/cstnud/0042 1 0.002377748489379883 18 7 1 0.2964789867401123 1 0.38110828399658203
dataset/cstnud/0043 1 0.0018515586853027344 24 9 1 0.6242973804473877 1 2.5377705097198486
dataset/cstnud/0044 1 0.0016720294952392578 24 9 1 0.2844533920288086 1 0.5270729064941406
dataset/cstnud/0045 1 0.0018756389617919922 36 9 1 0.5721409320831299 1 8.073415517807007
dataset/cstnud/0046 1 0.001634836196899414 24 9 1 0.5848348140716553 1 2.4852771759033203
dataset/cstnud/0047 1 0.0018181800842285156 36 9 1 0.2975428104400635 1 1.49662184715271
dataset/cstnud/0048 1 0.0019245147705078125 36 9 1 0.5802195072174072 1 9.535810708999634
dataset/cstnud/0049 1 0.0017962455749511719 30 9 1 0.5797638893127441 1 18.328503847122192
dataset/cstnud/0050 1 0.002457857131958008 18 9 1 0.2873384952545166 1 0.774249792098999
dataset/cstnud/0051 1 0.0016276836395263672 24 7 1 0.5764329433441162 1 0.5772387981414795
dataset/cstnud/0052 1 0.0018677711486816406 36 9 1 0.571331262588501 1 2.619171619415283
dataset/cstnud/0053 1 0.0015954971313476562 18 9 1 0.28615498542785645 1 0.5323247909545898
dataset/cstnud/0054 1 0.0019998550415039062 36 9 1 0.5677006244659424 1 10.107428789138794
dataset/cstnud/0055 1 0.001981496810913086 36 9 1 0.29352712631225586 1 3.7141449451446533
dataset/cstnud/0056 1 0.0017702579498291016 30 9 1 0.3029904365539551 1 1.310368537902832
dataset/cstnud/0057 1 0.0015935897827148438 24 9 1 0.28914475440979004 1 0.49381542205810547
dataset/cstnud/0058 1 0.0017282962799072266 30 9 1 0.2835395336151123 1 1.2807419300079346
dataset/cstnud/0059 1 0.0018358230590820312 36 9 1 0.5705404281616211 1 1.3153884410858154
dataset/cstnud/0060 1 0.001676797866821289 30 7 1 0.5787742137908936 1 0.7650716304779053
dataset/cstnud/0061 1 0.0017566680908203125 36 9 1 0.5813541412353516 1 8.79171347618103
dataset/cstnud/0062 1 0.0017309188842773438 30 9 1 0.5709404945373535 1 1.393120288848877
dataset/cstnud/0063 1 0.001569509506225586 18 7 1 0.2890045642852783 1 0.3837013244628906
dataset/cstnud/0064 1 0.0018236637115478516 36 9 1 0.3001523017883301 1 1.0666396617889404
dataset/cstnud/0065 1 0.0018613338470458984 36 9 1 0.5611813068389893 1 12.485252618789673
dataset/cstnud/0066 1 0.001708984375 24 9 1 0.5813252925872803 1 8.265897750854492
dataset/cstnud/0067 1 0.0016939640045166016 24 9 1 0.2879962921142578 1 1.4822008609771729
dataset/cstnud/0068 1 0.0018565654754638672 36 9 1 0.5742847919464111 1 4.444164752960205
dataset/cstnud/0069 1 0.002532958984375 30 9 1 0.5717225074768066 1 1.0965044498443604
dataset/cstnud/0070 1 0.0019028186798095703 36 9 1 0.5776486396789551 1 0.9557266235351562
dataset/cstnud/0071 1 0.0018525123596191406 36 9 1 0.580324649810791 1 2.6262714862823486
dataset/cstnud/0072 1 0.0017299652099609375 36 9 1 0.28679656982421875 1 0.7862908840179443
dataset/cstnud/0073 1 0.0016651153564453125 24 9 1 0.29169702529907227 1 0.7903971672058105
dataset/cstnud/0074 1 0.0016560554504394531 24 9 1 0.28948068618774414 1 0.7262611389160156
dataset/cstnud/0075 1 0.0017142295837402344 18 7 1 0.568955659866333 1 0.6572580337524414
dataset/cstnud/0076 1 0.001855611801147461 36 7 1 0.29541993141174316 1 0.8257436752319336
dataset/cstnud/0077 1 0.001760721206665039 30 9 1 0.6028051376342773 1 2.8284270763397217
dataset/cstnud/0078 1 0.0017576217651367188 30 9 1 0.5821008682250977 1 11.938938856124878
dataset/cstnud/0079 1 0.0019237995147705078 36 9 1 0.5692276954650879 1 8.794632911682129
dataset/cstnud/0080 1 0.0018193721771240234 30 13 1 0.5893218517303467 1 2.22927188873291
dataset/cstnud/0081 1 0.0017123222351074219 24 7 1 0.2956538200378418 1 0.8372960090637207
dataset/cstnud/0082 1 0.0017828941345214844 36 7 1 0.28594303131103516 1 0.3748314380645752
dataset/cstnud/0083 1 0.00191497802734375 36 9 1 0.6002717018127441 1 2.769282341003418
dataset/cstnud/0084 1 0.0017781257629394531 36 9 1 0.5775940418243408 1 12.182165145874023
dataset/cstnud/0085 1 0.0018169879913330078 36 9 1 0.29718995094299316 1 1.4786858558654785
dataset/cstnud/0086 1 0.0018270015716552734 36 9 1 0.5850024223327637 1 2.3981821537017822
dataset/cstnud/0087 1 0.0018646717071533203 36 9 1 0.5692319869995117 1 4.289643049240112
dataset/cstnud/0088 1 0.0018763542175292969 36 9 1 0.579622745513916 1 3.1283552646636963
dataset/cstnud/0089 1 0.001916646957397461 24 9 1 0.5879454612731934 1 3.242399215698242
dataset/cstnud/0090 1 0.0015032291412353516 18 5 1 0.28476428985595703 1 0.32245945930480957
dataset/cstnud/0091 1 0.0016644001007080078 24 7 1 0.2868072986602783 1 0.4790933132171631
dataset/cstnud/0092 1 0.0017616748809814453 30 9 1 0.5768382549285889 1 8.438608884811401
dataset/cstnud/0093 1 0.0015876293182373047 24 9 1 0.5759768486022949 1 0.8225021362304688
dataset/cstnud/0094 1 0.0018138885498046875 36 9 1 0.28728818893432617 1 1.1443984508514404
dataset/cstnud/0095 1 0.001783609390258789 30 9 1 0.5612728595733643 1 1.172269344329834
dataset/cstnud/0096 1 0.0018534660339355469 36 9 1 0.2918741703033447 1 0.9018256664276123
dataset/cstnud/0097 1 0.0016067028045654297 18 9 1 0.29382753372192383 1 0.6768217086791992
dataset/cstnud/0098 1 0.0018091201782226562 30 9 1 0.5772380828857422 1 4.036573648452759
dataset/cstnud/0099 1 0.0019829273223876953 36 9 1 0.5699043273925781 1 12.450448751449585
dataset/cstnud/0100 1 0.0016131401062011719 24 7 1 0.5812077522277832 1 0.6119449138641357
dataset/cstnud/0101 1 0.0018086433410644531 36 9 1 0.30118632316589355 1 2.201963424682617
dataset/cstnud/0102 1 0.0018491744995117188 36 9 1 0.2968907356262207 1 2.162626028060913
dataset/cstnud/0103 1 0.0017695426940917969 36 9 1 0.5752766132354736 1 1.08842134475708
dataset/cstnud/0104 1 0.0016436576843261719 24 9 1 0.2983224391937256 1 0.8699235916137695
dataset/cstnud/0105 1 0.0025572776794433594 18 11 1 0.5803694725036621 1 1.4481782913208008
dataset/cstnud/0106 1 0.001947641372680664 36 9 1 0.5888538360595703 1 12.576397895812988
dataset/cstnud/0107 1 0.0016942024230957031 30 7 1 0.28816795349121094 1 0.7913920879364014
dataset/cstnud/0108 1 0.0015337467193603516 18 7 1 0.28574657440185547 1 0.7129833698272705
dataset/cstnud/0109 1 0.0027687549591064453 36 9 1 0.5885140895843506 1 2.826796293258667
dataset/cstnud/0110 1 0.001775503158569336 30 9 1 0.5774703025817871 1 1.321333408355713
dataset/cstnud/0111 1 0.0018191337585449219 36 9 1 0.2869992256164551 1 0.7769339084625244
dataset/cstnud/0112 1 0.0016198158264160156 24 7 1 0.28893351554870605 1 0.3684678077697754
dataset/cstnud/0113 1 0.0017292499542236328 36 9 1 0.28347206115722656 1 0.5060319900512695
dataset/cstnud/0114 1 0.002869129180908203 24 9 1 0.5829806327819824 1 0.8888206481933594
dataset/cstnud/0115 1 0.0017039775848388672 30 9 1 0.5778458118438721 1 2.8700315952301025
dataset/cstnud/0116 1 0.001790761947631836 30 9 1 0.5776598453521729 1 2.36445951461792
dataset/cstnud/0117 1 0.0015974044799804688 24 9 1 0.3036649227142334 1 0.6019937992095947
dataset/cstnud/0118 1 0.0016658306121826172 24 9 1 0.28325414657592773 1 0.43071770668029785
dataset/cstnud/0119 1 0.0019648075103759766 36 9 1 0.5885519981384277 1 2.842881441116333
dataset/cstnud/0120 1 0.001911163330078125 36 9 1 0.5694711208343506 1 2.153804063796997
dataset/cstnud/0121 1 0.0016071796417236328 30 7 1 0.5679540634155273 1 0.5627074241638184
dataset/cstnud/0122 1 0.0017549991607666016 30 9 1 0.5709550380706787 1 1.6543200016021729
dataset/cstnud/0123 1 0.001972675323486328 36 9 1 0.5707912445068359 1 7.4996936321258545
dataset/cstnud/0124 1 0.00180816650390625 30 9 1 0.5809087753295898 1 17.69834065437317
dataset/cstnud/0125 1 0.0017969608306884766 36 9 1 0.5843358039855957 1 1.1951730251312256
dataset/cstnud/0126 1 0.0025839805603027344 24 7 1 0.28832364082336426 1 0.7930233478546143
dataset/cstnud/0127 1 0.0017399787902832031 24 11 1 0.5787792205810547 1 1.6378860473632812
dataset/cstnud/0128 1 0.0018360614776611328 30 9 1 0.28313636779785156 1 0.666630744934082
dataset/cstnud/0129 1 0.0018928050994873047 36 9 1 0.28295254707336426 1 1.3403470516204834
dataset/cstnud/0130 1 0.0018112659454345703 36 9 1 0.571530818939209 1 1.263092279434204
dataset/cstnud/0131 1 0.0026845932006835938 30 9 1 0.2912788391113281 1 1.1646654605865479
dataset/cstnud/0132 1 0.0016088485717773438 18 9 1 0.5743422508239746 1 8.840934991836548
dataset/cstnud/0133 1 0.00164031982421875 24 9 1 0.29471278190612793 1 0.7258484363555908
dataset/cstnud/0134 1 0.0018830299377441406 36 13 1 0.5748393535614014 1 1.0538537502288818
dataset/cstnud/0135 1 0.0016133785247802734 18 7 1 0.28974485397338867 1 0.33986997604370117
dataset/cstnud/0136 1 0.0017132759094238281 30 7 1 0.5722119808197021 1 0.7858326435089111
dataset/cstnud/0137 1 0.0016186237335205078 18 9 1 0.28752923011779785 1 0.8061568737030029
dataset/cstnud/0138 1 0.0016617774963378906 24 9 1 0.5674834251403809 1 0.7434134483337402
dataset/cstnud/0139 1 0.001889944076538086 30 13 1 0.6003260612487793 1 3.8334755897521973
dataset/cstnud/0140 1 0.0017337799072265625 36 7 1 0.2840850353240967 1 0.690112829208374
dataset/cstnud/0141 1 0.0018987655639648438 36 9 1 0.5710103511810303 1 20.72262191772461
dataset/cstnud/0142 1 0.0016078948974609375 18 7 1 0.5756511688232422 1 0.4873471260070801
dataset/cstnud/0143 1 0.0019161701202392578 36 9 1 0.29566025733947754 1 1.0882062911987305
dataset/cstnud/0144 1 0.0018458366394042969 36 9 1 0.5785422325134277 1 1.220524787902832
dataset/cstnud/0145 1 0.0018796920776367188 36 9 1 0.2908449172973633 1 1.2432749271392822
dataset/cstnud/0146 1 0.0016460418701171875 24 9 1 0.5768065452575684 1 2.4277729988098145
dataset/cstnud/0147 1 0.0017275810241699219 30 9 1 0.2832920551300049 1 0.6640598773956299
dataset/cstnud/0148 1 0.001611948013305664 24 7 1 0.2840230464935303 1 0.8392853736877441
dataset/cstnud/0149 1 0.0018346309661865234 36 9 1 0.5849490165710449 1 7.8768696784973145
dataset/cstnud/0150 1 0.0016210079193115234 24 9 1 0.5789785385131836 1 8.151999711990356
dataset/cstnud/0151 1 0.001730203628540039 24 11 1 0.5713958740234375 1 8.584472179412842
dataset/cstnud/0152 1 0.001699209213256836 30 7 1 0.2815124988555908 1 0.7870650291442871
dataset/cstnud/0153 1 0.0018296241760253906 36 7 1 0.2996833324432373 1 0.784956693649292
dataset/cstnud/0154 1 0.0017461776733398438 36 9 1 0.28340697288513184 1 0.6751353740692139
dataset/cstnud/0155 1 0.0017802715301513672 36 9 1 0.6039021015167236 1 1.0974674224853516
dataset/cstnud/0156 1 0.0017788410186767578 30 9 1 0.5893874168395996 1 3.3470184803009033
dataset/cstnud/0157 1 0.0017180442810058594 24 7 1 0.31478118896484375 1 0.8175344467163086
dataset/cstnud/0158 1 0.0017864704132080078 30 9 1 0.5692012310028076 1 1.3784866333007812
dataset/cstnud/0159 1 0.0019686222076416016 36 9 1 0.5794930458068848 1 9.084507465362549
dataset/cstnud/0160 1 0.001676797866821289 30 9 1 0.2910323143005371 1 0.7541675567626953
dataset/cstnud/0161 1 0.001829385757446289 36 9 1 0.2870924472808838 1 1.024219036102295
dataset/cstnud/0162 1 0.0018579959869384766 36 9 1 0.5654168128967285 1 0.9818229675292969
dataset/cstnud/0163 1 0.0018346309661865234 36 9 1 0.5687832832336426 1 9.332278728485107
dataset/cstnud/0164 1 0.0018742084503173828 36 9 1 0.5684432983398438 1 0.7424380779266357
dataset/cstnud/0165 1 0.001657724380493164 24 9 1 0.29980969429016113 1 0.8152296543121338
dataset/cstnud/0166 1 0.0015616416931152344 18 7 1 0.28017401695251465 1 0.3446061611175537
dataset/cstnud/0167 1 0.001703500747680664 24 9 1 0.2825927734375 1 1.155195713043213
dataset/cstnud/0168 1 0.0016443729400634766 24 9 1 0.2918734550476074 1 1.375847578048706
dataset/cstnud/0169 1 0.001569986343383789 18 9 1 0.594977855682373 1 9.345951795578003
dataset/cstnud/0170 1 0.0019752979278564453 36 9 1 0.5900888442993164 1 9.303078413009644
dataset/cstnud/0171 1 0.0016603469848632812 18 9 1 0.5743916034698486 1 1.3145971298217773
dataset/cstnud/0172 1 0.001878976821899414 36 9 1 0.29001951217651367 1 0.6455588340759277
dataset/cstnud/0173 1 0.001851797103881836 36 9 1 0.5681521892547607 1 1.8860185146331787
dataset/cstnud/0174 1 0.0018107891082763672 30 9 1 0.6010575294494629 1 13.391820430755615
dataset/cstnud/0175 1 0.0017557144165039062 30 9 1 0.5733582973480225 1 2.4015440940856934
dataset/cstnud/0176 1 0.0016486644744873047 24 7 1 0.28107428550720215 1 0.5946640968322754
dataset/cstnud/0177 1 0.0019106864929199219 36 9 1 0.5748720169067383 1 1.3274157047271729
dataset/cstnud/0178 1 0.0019621849060058594 36 9 1 0.5885710716247559 1 12.725043535232544
dataset/cstnud/0179 1 0.0015902519226074219 24 7 1 0.2841918468475342 1 0.45224833488464355
dataset/cstnud/0180 1 0.0017688274383544922 30 9 1 0.2870643138885498 1 1.6817455291748047
dataset/cstnud/0181 1 0.0017998218536376953 30 9 1 0.5799682140350342 1 12.010124206542969
dataset/cstnud/0182 1 0.0015990734100341797 18 7 1 0.2792379856109619 1 0.4674041271209717
dataset/cstnud/0183 1 0.0017704963684082031 36 9 1 0.5743365287780762 1 0.7835578918457031
dataset/cstnud/0184 1 0.0015869140625 24 9 1 0.290416955947876 1 0.35967588424682617
dataset/cstnud/0185 1 0.0015573501586914062 18 9 1 0.2896144390106201 1 1.6122446060180664
dataset/cstnud/0186 1 0.0016024112701416016 18 9 1 0.5725593566894531 1 0.6398298740386963
dataset/cstnud/0187 1 0.0017173290252685547 30 9 1 0.2870004177093506 1 0.44351863861083984
dataset/cstnud/0188 1 0.0017733573913574219 30 9 1 0.2876768112182617 1 4.166540622711182
dataset/cstnud/0189 1 0.0017833709716796875 36 9 1 0.2903602123260498 1 2.457010507583618
dataset/cstnud/0190 1 0.0016889572143554688 30 9 1 0.569242000579834 1 3.1041243076324463
dataset/cstnud/0191 1 0.001827239990234375 36 9 1 0.5710821151733398 1 1.0567784309387207
dataset/cstnud/0192 1 0.001613616943359375 18 9 1 0.283184289932251 1 0.6331992149353027
dataset/cstnud/0193 1 0.001641988754272461 24 11 1 0.29682087898254395 1 2.5983874797821045
dataset/cstnud/0194 1 0.0016567707061767578 24 9 1 0.5852742195129395 1 1.7593610286712646
dataset/cstnud/0195 1 0.0018143653869628906 36 9 1 0.2979578971862793 1 0.5834693908691406
dataset/cstnud/0196 1 0.002276897430419922 24 7 1 0.27850937843322754 1 0.37590813636779785
dataset/cstnud/0197 1 0.0017824172973632812 36 9 1 0.29525184631347656 1 1.6138701438903809
dataset/cstnud/0198 1 0.0016405582427978516 30 7 1 0.28457164764404297 1 0.6674284934997559
dataset/cstnud/0199 1 0.0022895336151123047 24 7 1 0.28572678565979004 1 0.39744138717651367
dataset/cstnud/0200 1 0.0016744136810302734 24 11 1 0.28551244735717773 1 0.8035008907318115
dataset/cstnud/0201 1 0.0016779899597167969 30 9 1 0.3103828430175781 1 0.8785736560821533
dataset/cstnud/0202 1 0.0016870498657226562 24 9 1 0.5784356594085693 1 1.8840312957763672
dataset/cstnud/0203 1 0.0019359588623046875 30 11 1 0.28562402725219727 1 4.8946452140808105
dataset/cstnud/0204 1 0.0018050670623779297 24 9 1 0.5843133926391602 1 0.8387608528137207
dataset/cstnud/0205 1 0.0017163753509521484 30 9 1 0.581916332244873 1 2.801179885864258
dataset/cstnud/0206 1 0.0017547607421875 24 11 1 0.5703668594360352 1 1.0692715644836426
dataset/cstnud/0207 1 0.0018749237060546875 36 9 1 0.2859218120574951 1 1.4887807369232178
dataset/cstnud/0208 1 0.0017533302307128906 30 9 1 0.5704977512359619 1 8.316384315490723
dataset/cstnud/0209 1 0.0016331672668457031 24 9 1 0.5756344795227051 1 11.752012968063354
dataset/cstnud/0210 1 0.0017611980438232422 30 9 1 0.28594231605529785 1 2.031836986541748
dataset/cstnud/0211 1 0.0017838478088378906 36 9 1 0.5729413032531738 1 2.5926854610443115
dataset/cstnud/0212 1 0.0017518997192382812 30 9 1 0.5786213874816895 1 7.801543951034546
dataset/cstnud/0213 1 0.0018961429595947266 36 9 1 0.5940048694610596 1 7.652860879898071
dataset/cstnud/0214 1 0.0018689632415771484 36 9 1 0.5702118873596191 1 2.992689371109009
dataset/cstnud/0215 1 0.0015404224395751953 18 9 1 0.28594255447387695 1 1.7089190483093262
dataset/cstnud/0216 1 0.0016815662384033203 24 9 1 0.5852694511413574 1 1.1173827648162842
dataset/cstnud/0217 1 0.00170135498046875 30 7 1 0.30977892875671387 1 0.8227086067199707
dataset/cstnud/0218 1 0.001735687255859375 30 9 1 0.28487157821655273 1 1.3592028617858887
dataset/cstnud/0219 1 0.0016663074493408203 24 9 1 0.5791385173797607 1 2.580396890640259
dataset/cstnud/0220 1 0.0015518665313720703 18 7 1 0.2948129177093506 1 0.5805602073669434
dataset/cstnud/0221 1 0.00193023681640625 36 9 1 0.5674962997436523 1 2.7792248725891113
dataset/cstnud/0222 1 0.0016756057739257812 24 9 1 0.5806550979614258 1 1.0414040088653564
dataset/cstnud/0223 1 0.0021185874938964844 36 9 1 0.28158020973205566 1 0.6802074909210205
dataset/cstnud/0224 1 0.0017545223236083984 30 9 1 0.28284168243408203 1 1.6321840286254883
dataset/cstnud/0225 1 0.001714468002319336 24 9 1 0.5808753967285156 1 2.372511863708496
dataset/cstnud/0226 1 0.0016307830810546875 24 9 1 0.5818138122558594 1 2.0999419689178467
dataset/cstnud/0227 1 0.00185394287109375 36 9 1 0.568533182144165 1 11.751571655273438
dataset/cstnud/0228 1 0.002556324005126953 30 9 1 0.29596495628356934 1 0.9260287284851074
dataset/cstnud/0229 1 0.001718759536743164 24 9 1 0.6124172210693359 1 0.8658144474029541
dataset/cstnud/0230 1 0.001588582992553711 24 7 1 0.29326295852661133 1 0.35515403747558594
dataset/cstnud/0231 1 0.0019092559814453125 36 9 1 0.5822961330413818 1 2.3180644512176514
dataset/cstnud/0232 1 0.0015795230865478516 24 7 1 0.5670995712280273 1 0.7081384658813477
dataset/cstnud/0233 1 0.0026574134826660156 36 9 1 0.578270673751831 1 9.324815273284912
dataset/cstnud/0234 1 0.002968311309814453 36 9 1 0.29949283599853516 1 2.4667770862579346
dataset/cstnud/0235 1 0.0018351078033447266 36 9 1 0.29657673835754395 1 1.2148478031158447
dataset/cstnud/0236 1 0.003111600875854492 36 9 1 0.3011362552642822 1 0.8039309978485107
dataset/cstnud/0237 1 0.0018885135650634766 36 9 1 0.28687453269958496 1 3.6621642112731934
dataset/cstnud/0238 1 0.0016608238220214844 24 9 1 0.577172040939331 1 8.54158902168274
dataset/cstnud/0239 1 0.0017249584197998047 30 9 1 0.5668158531188965 1 1.3272039890289307
dataset/cstnud/0240 1 0.00164031982421875 24 11 1 0.2924938201904297 1 2.390974283218384
dataset/cstnud/0241 1 0.0017161369323730469 30 9 1 0.5672962665557861 1 2.131808042526245
dataset/cstnud/0242 1 0.0017702579498291016 36 9 1 0.2813253402709961 1 0.4988694190979004
dataset/cstnud/0243 1 0.0017399787902832031 30 9 1 0.28660011291503906 1 0.5531108379364014
dataset/cstnud/0244 1 0.002117156982421875 36 9 1 0.2854301929473877 1 1.725517988204956
dataset/cstnud/0245 1 0.0017666816711425781 30 9 1 0.5712611675262451 1 2.133777379989624
dataset/cstnud/0246 1 0.0018813610076904297 30 11 1 0.5709517002105713 1 5.144299268722534
dataset/cstnud/0247 1 0.001600503921508789 24 7 1 0.2965097427368164 1 0.3672058582305908
dataset/cstnud/0248 1 0.0018954277038574219 36 9 1 0.5553967952728271 1 1.2710936069488525
dataset/cstnud/0249 1 0.0016541481018066406 30 9 1 0.2915635108947754 1 0.6396887302398682
dataset/cstnud/0250 1 0.0016770362854003906 24 7 1 0.2863636016845703 1 0.7213931083679199
dataset/cstnud/0251 1 0.0015788078308105469 24 9 1 0.29748106002807617 1 1.275407314300537
dataset/cstnud/0252 1 0.0015459060668945312 24 7 1 0.2808666229248047 1 0.7942774295806885
dataset/cstnud/0253 1 0.0018017292022705078 36 9 1 0.28645944595336914 1 0.748253345489502
dataset/cstnud/0254 1 0.0024220943450927734 30 9 1 0.5708098411560059 1 0.7417590618133545
dataset/cstnud/0255 1 0.0017714500427246094 30 9 1 0.28708791732788086 1 1.947808027267456
dataset/cstnud/0256 1 0.0017001628875732422 24 9 1 0.2898736000061035 1 1.099867343902588
dataset/cstnud/0257 1 0.0016248226165771484 18 9 1 0.29378247261047363 1 0.4827730655670166
dataset/cstnud/0258 1 0.0018682479858398438 36 9 1 0.5718138217926025 1 1.6840519905090332
dataset/cstnud/0259 1 0.0024852752685546875 24 9 1 0.5712563991546631 1 0.9651350975036621
dataset/cstnud/0260 1 0.0014748573303222656 18 7 1 0.2974979877471924 1 0.3878977298736572
dataset/cstnud/0261 1 0.0018947124481201172 36 9 1 0.283358097076416 1 1.54581880569458
dataset/cstnud/0262 1 0.0018062591552734375 30 9 1 0.5797896385192871 1 1.4110069274902344
dataset/cstnud/0263 1 0.0019359588623046875 36 9 1 0.5704481601715088 1 0.9782586097717285
dataset/cstnud/0264 1 0.0027379989624023438 30 7 1 0.2943894863128662 1 0.8285913467407227
dataset/cstnud/0265 1 0.0015568733215332031 18 7 1 0.2875633239746094 1 0.3798220157623291
dataset/cstnud/0266 1 0.0016415119171142578 24 9 1 0.5678646564483643 1 1.9636449813842773
dataset/cstnud/0267 1 0.001718759536743164 24 9 1 0.566530704498291 1 1.052016258239746
dataset/cstnud/0268 1 0.001695394515991211 36 7 1 0.2830207347869873 1 0.4500598907470703
dataset/cstnud/0269 1 0.0018384456634521484 30 11 1 0.27906298637390137 1 8.868146657943726
dataset/cstnud/0270 1 0.0018830299377441406 36 9 1 0.5703532695770264 1 2.190580368041992
dataset/cstnud/0271 1 0.0018744468688964844 36 9 1 0.5789468288421631 1 1.1213176250457764
dataset/cstnud/0272 1 0.0019073486328125 36 9 1 0.577049732208252 1 1.2829277515411377
dataset/cstnud/0273 1 0.0018155574798583984 36 9 1 0.5708212852478027 1 12.116913080215454
dataset/cstnud/0274 1 0.0018999576568603516 36 15 1 0.5753383636474609 1 2.8840904235839844
dataset/cstnud/0275 1 0.0017757415771484375 30 9 1 0.5769402980804443 1 7.7187323570251465
dataset/cstnud/0276 1 0.001832723617553711 36 9 1 0.5825886726379395 1 8.328362464904785
dataset/cstnud/0277 1 0.0016031265258789062 18 9 1 0.58213210105896 1 0.6114015579223633
dataset/cstnud/0278 1 0.0018570423126220703 36 9 1 0.2870604991912842 1 1.1567645072937012
dataset/cstnud/0279 1 0.0017375946044921875 30 7 1 0.28876757621765137 1 0.49912571907043457
dataset/cstnud/0280 1 0.0016222000122070312 24 9 1 0.2980341911315918 1 0.977938175201416
dataset/cstnud/0281 1 0.001962423324584961 36 9 1 0.5666372776031494 1 1.710542917251587
dataset/cstnud/0282 1 0.0018584728240966797 30 9 1 0.575589656829834 1 4.185572385787964
dataset/cstnud/0283 1 0.0017750263214111328 36 7 1 0.2845115661621094 1 0.5403008460998535
dataset/cstnud/0284 1 0.0015132427215576172 18 5 1 0.28592991828918457 1 0.3205695152282715
dataset/cstnud/0285 1 0.00182342529296875 36 9 1 0.5808992385864258 1 2.941265106201172
dataset/cstnud/0286 1 0.0016717910766601562 24 7 1 0.5807244777679443 1 0.4846477508544922
dataset/cstnud/0287 1 0.0016467571258544922 24 9 1 0.5885140895843506 1 3.6597111225128174
dataset/cstnud/0288 1 0.0017650127410888672 30 9 1 0.2864840030670166 1 0.8234751224517822
dataset/cstnud/0289 1 0.0017347335815429688 24 7 1 0.29174208641052246 1 0.40132927894592285
dataset/cstnud/0290 1 0.0018367767333984375 36 9 1 0.5696368217468262 1 1.2251684665679932
dataset/cstnud/0291 1 0.0018296241760253906 36 9 1 0.5824639797210693 1 1.731942892074585
dataset/cstnud/0292 1 0.0017516613006591797 24 9 1 0.294234037399292 1 1.4415662288665771
dataset/cstnud/0293 1 0.0016896724700927734 24 9 1 0.2837183475494385 1 4.46314811706543
dataset/cstnud/0294 1 0.0016102790832519531 24 9 1 0.2831430435180664 1 0.42911744117736816
dataset/cstnud/0295 1 0.001867532730102539 36 9 1 0.5928933620452881 1 11.037671566009521
dataset/cstnud/0296 1 0.0018117427825927734 36 9 1 0.29033541679382324 1 1.983891248703003
dataset/cstnud/0297 1 0.0017435550689697266 30 9 1 0.28624939918518066 1 0.6707265377044678
dataset/cstnud/0298 1 0.001665353775024414 24 9 1 0.29857921600341797 1 1.557725429534912
dataset/cstnud/0299 1 0.0018820762634277344 36 9 1 0.5767049789428711 1 2.778627872467041
dataset/cstnud/0300 1 0.001889944076538086 36 9 1 0.28226757049560547 1 1.2866013050079346
dataset/cstnud/0301 1 0.0018222332000732422 36 9 1 0.5918738842010498 1 4.557580471038818
dataset/cstnud/0302 1 0.0016837120056152344 24 9 1 0.5807113647460938 1 2.8647329807281494
dataset/cstnud/0303 1 0.001766204833984375 30 9 1 0.3112931251525879 1 0.8552484512329102
dataset/cstnud/0304 1 0.0017290115356445312 30 9 1 0.30431318283081055 1 0.5182464122772217
dataset/cstnud/0305 1 0.0019371509552001953 36 9 1 0.585582971572876 1 7.8138086795806885
dataset/cstnud/0306 1 0.001641988754272461 24 9 1 0.2877206802368164 1 0.9706301689147949
dataset/cstnud/0307 1 0.0016851425170898438 24 9 1 0.5726001262664795 1 2.4726009368896484
dataset/cstnud/0308 1 0.0016374588012695312 18 9 1 0.59043288230896 1 0.8698916435241699
dataset/cstnud/0309 1 0.0017466545104980469 30 9 1 0.5711038112640381 1 1.65720534324646
dataset/cstnud/0310 1 0.0018858909606933594 36 9 1 0.5932629108428955 1 8.728204488754272
dataset/cstnud/0311 1 0.0018699169158935547 36 9 1 0.6006894111633301 1 6.230822324752808
dataset/cstnud/0312 1 0.0016705989837646484 30 7 1 0.5663578510284424 1 0.7852916717529297
dataset/cstnud/0313 1 0.001795053482055664 30 11 1 0.5772495269775391 1 11.260570287704468
dataset/cstnud/0314 1 0.0015778541564941406 18 7 1 0.2869269847869873 1 0.3803558349609375
dataset/cstnud/0315 1 0.001825571060180664 36 9 1 0.5786645412445068 1 8.94062066078186
dataset/cstnud/0316 1 0.0015528202056884766 18 5 1 0.2910795211791992 1 0.326462984085083
dataset/cstnud/0317 1 0.0018270015716552734 30 11 1 0.5822601318359375 1 2.132570743560791
dataset/cstnud/0318 1 0.0018198490142822266 36 9 1 0.5703349113464355 1 1.115093469619751
dataset/cstnud/0319 1 0.0015532970428466797 18 7 1 0.3025550842285156 1 0.578369140625
dataset/cstnud/0320 1 0.0018830299377441406 30 9 1 0.28493475914001465 1 1.2277498245239258
dataset/cstnud/0321 1 0.0017969608306884766 30 9 1 0.2909824848175049 1 0.5957534313201904
dataset/cstnud/0322 1 0.001971721649169922 36 9 1 0.5733785629272461 1 1.435988426208496
dataset/cstnud/0323 1 0.0017421245574951172 30 9 1 0.5719220638275146 1 0.8601081371307373
dataset/cstnud/0324 1 0.0017764568328857422 36 9 1 0.275850772857666 1 1.430426836013794
dataset/cstnud/0325 1 0.0017788410186767578 36 9 1 0.30228662490844727 1 0.7825973033905029
dataset/cstnud/0326 1 0.0016543865203857422 24 9 1 0.5662484169006348 1 1.3567054271697998
dataset/cstnud/0327 1 0.0018200874328613281 36 7 1 0.27342677116394043 1 0.8158531188964844
dataset/cstnud/0328 1 0.0016961097717285156 24 9 1 0.28522753715515137 1 1.2796247005462646
dataset/cstnud/0329 1 0.0017786026000976562 36 11 1 0.5716843605041504 1 1.765233039855957
dataset/cstnud/0330 1 0.0017375946044921875 30 7 1 0.5780925750732422 1 0.7469866275787354
dataset/cstnud/0331 1 0.0018682479858398438 36 9 1 0.27971911430358887 1 2.465229034423828
dataset/cstnud/0332 1 0.0017154216766357422 30 9 1 0.5796802043914795 1 2.934420585632324
dataset/cstnud/0333 1 0.0018815994262695312 36 9 1 0.28249096870422363 1 3.7611000537872314
dataset/cstnud/0334 1 0.0017180442810058594 30 9 1 0.585700511932373 1 2.5474870204925537
dataset/cstnud/0335 1 0.0016362667083740234 24 9 1 0.5744953155517578 1 0.8731677532196045
dataset/cstnud/0336 1 0.0017614364624023438 36 9 1 0.5819957256317139 1 3.643665313720703
dataset/cstnud/0337 1 0.0018277168273925781 36 9 1 0.2887873649597168 1 4.268789052963257
dataset/cstnud/0338 1 0.0018656253814697266 30 9 1 0.5806431770324707 1 4.354596853256226
dataset/cstnud/0339 1 0.0018706321716308594 36 9 1 0.57771897315979 1 1.3883728981018066
dataset/cstnud/0340 1 0.0018362998962402344 36 9 1 0.2835400104522705 1 6.430433034896851
dataset/cstnud/0341 1 0.00176239013671875 30 9 1 0.5693349838256836 1 1.3234245777130127
dataset/cstnud/0342 1 0.0016989707946777344 24 11 1 0.5882663726806641 1 0.9694249629974365
dataset/cstnud/0343 1 0.0024428367614746094 30 9 1 0.28215527534484863 1 0.7972533702850342
dataset/cstnud/0344 1 0.0015785694122314453 24 9 1 0.2953345775604248 1 0.9039638042449951
dataset/cstnud/0345 1 0.0014579296112060547 18 7 1 0.5860528945922852 1 0.5390915870666504
dataset/cstnud/0346 1 0.0017659664154052734 30 9 1 0.2866489887237549 1 1.2614645957946777
dataset/cstnud/0347 1 0.0016930103302001953 24 9 1 0.5872354507446289 1 0.9298985004425049
dataset/cstnud/0348 1 0.0019061565399169922 36 9 1 0.30517101287841797 1 1.5071358680725098
dataset/cstnud/0349 1 0.0018689632415771484 36 9 1 0.5740096569061279 1 0.8874390125274658
dataset/cstnud/0350 1 0.0019524097442626953 36 11 1 0.29038119316101074 1 2.1610772609710693
dataset/cstnud/0351 1 0.0016117095947265625 18 7 1 0.30817103385925293 1 0.6373193264007568
dataset/cstnud/0352 1 0.0018122196197509766 36 9 1 0.5812945365905762 1 3.310758590698242
dataset/cstnud/0353 1 0.0018198490142822266 36 9 1 0.28073596954345703 1 1.4215176105499268
dataset/cstnud/0354 1 0.0019428730010986328 36 11 1 0.5795385837554932 1 2.5541863441467285
dataset/cstnud/0355 1 0.0018877983093261719 36 9 1 0.5692863464355469 1 9.94309663772583
dataset/cstnud/0356 1 0.001680612564086914 30 9 1 0.5641677379608154 1 0.9456925392150879
dataset/cstnud/0357 1 0.0018036365509033203 30 9 1 0.6009445190429688 1 11.857043743133545
dataset/cstnud/0358 1 0.0017409324645996094 24 9 1 0.5792436599731445 1 1.9254777431488037
dataset/cstnud/0359 1 0.0023987293243408203 24 7 1 0.28796982765197754 1 0.7125399112701416
dataset/cstnud/0360 1 0.0018358230590820312 36 9 1 0.5686237812042236 1 1.1170861721038818
dataset/cstnud/0361 1 0.0018417835235595703 30 9 1 0.5759694576263428 1 11.82176423072815
dataset/cstnud/0362 1 0.0016410350799560547 24 9 1 0.2904975414276123 1 0.4855818748474121
dataset/cstnud/0363 1 0.0017857551574707031 36 9 1 0.28990840911865234 1 1.439612865447998
dataset/cstnud/0364 1 0.0016372203826904297 18 9 1 0.577106237411499 1 0.6663875579833984
dataset/cstnud/0365 1 0.0018067359924316406 36 9 1 0.5830607414245605 1 1.3904008865356445
dataset/cstnud/0366 1 0.0016582012176513672 18 9 1 0.569211483001709 1 2.5053229331970215
dataset/cstnud/0367 1 0.002692699432373047 24 9 1 0.2967371940612793 1 0.7392318248748779
dataset/cstnud/0368 1 0.0018415451049804688 36 9 1 0.28624582290649414 1 1.3484268188476562
dataset/cstnud/0369 1 0.0015878677368164062 18 9 1 0.2844812870025635 1 0.3985710144042969
dataset/cstnud/0370 1 0.0017657279968261719 30 9 1 0.588153600692749 1 2.7270283699035645
dataset/cstnud/0371 1 0.0016100406646728516 18 7 1 0.300137996673584 1 0.43295884132385254
dataset/cstnud/0372 1 0.0019102096557617188 36 9 1 0.2969844341278076 1 4.393742799758911
dataset/cstnud/0373 1 0.002454996109008789 24 9 1 0.5747323036193848 1 2.648972988128662
dataset/cstnud/0374 1 0.0018696784973144531 36 9 1 0.5771422386169434 1 3.9406354427337646
dataset/cstnud/0375 1 0.00197601318359375 36 9 1 0.5806488990783691 1 4.202068567276001
dataset/cstnud/0376 1 0.0019423961639404297 36 11 1 0.5719938278198242 1 10.58873438835144
dataset/cstnud/0377 1 0.0018153190612792969 36 7 1 0.5710268020629883 1 0.7121565341949463
dataset/cstnud/0378 1 0.0025739669799804688 30 11 1 0.6042025089263916 1 1.498213529586792
dataset/cstnud/0379 1 0.0016872882843017578 18 9 1 0.28360509872436523 1 0.5734624862670898
dataset/cstnud/0380 1 0.0018548965454101562 36 9 1 0.5786776542663574 1 11.001360416412354
dataset/cstnud/0381 1 0.0017733573913574219 30 9 1 0.28284335136413574 1 1.0882558822631836
dataset/cstnud/0382 1 0.001729726791381836 24 13 1 0.5660173892974854 1 11.031661033630371
dataset/cstnud/0383 1 0.0017781257629394531 30 9 1 0.5802383422851562 1 8.288138389587402
dataset/cstnud/0384 1 0.0018770694732666016 36 9 1 0.582831859588623 1 9.608999252319336
dataset/cstnud/0385 1 0.0018460750579833984 36 9 1 0.5856623649597168 1 1.5543160438537598
dataset/cstnud/0386 1 0.0017371177673339844 30 7 1 0.28992581367492676 1 0.450150728225708
dataset/cstnud/0387 1 0.0017735958099365234 30 9 1 0.5764214992523193 1 9.487768411636353
dataset/cstnud/0388 1 0.0016336441040039062 24 9 1 0.30187201499938965 1 1.2798292636871338
dataset/cstnud/0389 1 0.0017850399017333984 30 9 1 0.28974223136901855 1 1.2856547832489014
dataset/cstnud/0390 1 0.0017046928405761719 30 9 1 0.5713951587677002 1 0.899092435836792
dataset/cstnud/0391 1 0.0018227100372314453 36 9 1 0.5813899040222168 1 11.390541076660156
dataset/cstnud/0392 1 0.0017850399017333984 36 9 1 0.5733215808868408 1 1.4098405838012695
dataset/cstnud/0393 1 0.001604318618774414 18 9 1 0.2870008945465088 1 0.5067801475524902
dataset/cstnud/0394 1 0.0024492740631103516 30 9 1 0.573890209197998 1 1.0890238285064697
dataset/cstnud/0395 1 0.0016067028045654297 18 9 1 0.5816571712493896 1 39.57440710067749
dataset/cstnud/0396 1 0.0018432140350341797 36 9 1 0.5866584777832031 1 13.354105234146118
dataset/cstnud/0397 1 0.0018343925476074219 36 9 1 0.2860252857208252 1 0.6554021835327148
dataset/cstnud/0398 1 0.001819610595703125 36 9 1 0.586864709854126 1 2.738046407699585
dataset/cstnud/0399 1 0.0018863677978515625 36 9 1 0.5804517269134521 1 12.71555209159851
dataset/cstnud/0400 1 0.0018236637115478516 36 9 1 0.5652797222137451 1 1.510498285293579
dataset/cstnud/0401 1 0.001821279525756836 36 9 1 0.5864930152893066 1 7.705794095993042
dataset/cstnud/0402 1 0.001806020736694336 36 9 1 0.2846944332122803 1 0.8536579608917236
dataset/cstnud/0403 1 0.0015625953674316406 18 7 1 0.30698490142822266 1 1.0379912853240967
dataset/cstnud/0404 1 0.0017821788787841797 30 9 1 0.29340076446533203 1 2.1209030151367188
dataset/cstnud/0405 1 0.0017347335815429688 30 7 1 0.2916719913482666 1 0.5195322036743164
dataset/cstnud/0406 1 0.0017349720001220703 30 9 1 0.5802626609802246 1 1.27158784866333
dataset/cstnud/0407 1 0.0023946762084960938 24 7 1 0.5749714374542236 1 0.5458879470825195
dataset/cstnud/0408 1 0.0018796920776367188 36 9 1 0.5786497592926025 1 7.808379173278809
dataset/cstnud/0409 1 0.002011537551879883 30 7 1 0.28728151321411133 1 0.680553674697876
dataset/cstnud/0410 1 0.0016753673553466797 24 9 1 0.2903003692626953 1 1.4089317321777344
dataset/cstnud/0411 1 0.0017361640930175781 30 9 1 0.5905466079711914 1 1.3020856380462646
dataset/cstnud/0412 1 0.002012014389038086 36 9 1 0.5703997611999512 1 4.972204685211182
dataset/cstnud/0413 1 0.002157926559448242 36 9 1 0.29080820083618164 1 1.7781109809875488
dataset/cstnud/0414 1 0.001772165298461914 30 9 1 0.5939207077026367 1 2.0325675010681152
dataset/cstnud/0415 1 0.0019202232360839844 36 9 1 0.5849456787109375 1 2.164185047149658
dataset/cstnud/0416 1 0.0017900466918945312 30 9 1 0.5909557342529297 1 0.8530759811401367
dataset/cstnud/0417 1 0.0017824172973632812 30 9 1 0.2976217269897461 1 0.5128118991851807
dataset/cstnud/0418 1 0.0017168521881103516 30 9 1 0.2818610668182373 1 0.6665463447570801
dataset/cstnud/0419 1 0.0018711090087890625 36 7 1 0.5712034702301025 1 0.7216730117797852
dataset/cstnud/0420 1 0.0016798973083496094 30 9 1 0.5762152671813965 1 0.9687790870666504
dataset/cstnud/0421 1 0.0017580986022949219 24 11 1 0.5693752765655518 1 1.059495210647583
dataset/cstnud/0422 1 0.0017063617706298828 24 9 1 0.5729610919952393 1 5.63205361366272
dataset/cstnud/0423 1 0.0017881393432617188 36 9 1 0.2895543575286865 1 1.1717965602874756
dataset/cstnud/0424 1 0.0019392967224121094 36 11 1 0.2943847179412842 1 3.2839832305908203
dataset/cstnud/0425 1 0.0018343925476074219 36 9 1 0.6081392765045166 1 1.9778335094451904
dataset/cstnud/0426 1 0.0019719600677490234 36 9 1 0.5631871223449707 1 1.330739974975586
dataset/cstnud/0427 1 0.0018193721771240234 30 11 1 0.2914862632751465 1 0.8724944591522217
dataset/cstnud/0428 1 0.002677440643310547 36 9 1 0.5732266902923584 1 1.9423604011535645
dataset/cstnud/0429 1 0.001611948013305664 18 7 1 0.28626060485839844 1 0.3866994380950928
dataset/cstnud/0430 1 0.0018773078918457031 36 9 1 0.28354597091674805 1 2.5875940322875977
dataset/cstnud/0431 1 0.0016176700592041016 18 7 1 0.28208041191101074 1 0.3758864402770996
dataset/cstnud/0432 1 0.0018157958984375 36 9 1 0.29885292053222656 1 0.7379505634307861
dataset/cstnud/0433 1 0.0017480850219726562 36 9 1 0.5746161937713623 1 8.937880516052246
dataset/cstnud/0434 1 0.0017893314361572266 36 9 1 0.5596668720245361 1 2.4771888256073
dataset/cstnud/0435 1 0.001665353775024414 24 9 1 0.2897765636444092 1 0.5328295230865479
dataset/cstnud/0436 1 0.0015175342559814453 18 9 1 0.2859058380126953 1 1.098022222518921
dataset/cstnud/0437 1 0.0018191337585449219 36 9 1 0.5750184059143066 1 1.984778881072998
dataset/cstnud/0438 1 0.0017468929290771484 24 9 1 0.5736062526702881 1 2.500122547149658
dataset/cstnud/0439 1 0.0024886131286621094 18 7 1 0.2820255756378174 1 0.3945426940917969
dataset/cstnud/0440 1 0.0017361640930175781 30 9 1 0.28252077102661133 1 1.013737440109253
dataset/cstnud/0441 1 0.001814126968383789 36 7 1 0.5762250423431396 1 0.8078434467315674
dataset/cstnud/0442 1 0.0018815994262695312 36 9 1 0.29938292503356934 1 0.8130855560302734
dataset/cstnud/0443 1 0.0017659664154052734 36 7 1 0.2798018455505371 1 0.7774155139923096
dataset/cstnud/0444 1 0.0016667842864990234 24 9 1 0.28581976890563965 1 0.7641949653625488
dataset/cstnud/0445 1 0.001665353775024414 24 9 1 0.5668168067932129 1 6.329568862915039
dataset/cstnud/0446 1 0.0017168521881103516 24 11 1 0.5671191215515137 1 1.867565631866455
dataset/cstnud/0447 1 0.0018830299377441406 36 9 1 0.584322452545166 1 4.257599592208862
dataset/cstnud/0448 1 0.002706766128540039 24 9 1 0.5876615047454834 1 2.336127996444702
dataset/cstnud/0449 1 0.001984119415283203 36 9 1 0.5711102485656738 1 6.6621434688568115
dataset/cstnud/0450 1 0.0017924308776855469 30 11 1 0.5676589012145996 1 5.82503867149353
dataset/cstnud/0451 1 0.0019207000732421875 30 9 1 0.5828101634979248 1 8.893562078475952
dataset/cstnud/0452 1 0.0016956329345703125 24 9 1 0.5860445499420166 1 1.6852896213531494
dataset/cstnud/0453 1 0.0017704963684082031 24 11 1 0.2847917079925537 1 1.615736961364746
dataset/cstnud/0454 1 0.001790761947631836 36 9 1 0.2843444347381592 1 0.7845368385314941
dataset/cstnud/0455 1 0.001725912094116211 24 9 1 0.2988400459289551 1 1.0152456760406494
dataset/cstnud/0456 1 0.0018491744995117188 36 9 1 0.2924809455871582 1 4.927412986755371
dataset/cstnud/0457 1 0.0017619132995605469 36 9 1 0.5837771892547607 1 1.2483816146850586
dataset/cstnud/0458 1 0.001870870590209961 36 7 1 0.5853371620178223 1 0.590003252029419
dataset/cstnud/0459 1 0.0018155574798583984 36 9 1 0.2830665111541748 1 0.47380709648132324
dataset/cstnud/0460 1 0.0017848014831542969 30 9 1 0.5805344581604004 1 3.995734691619873
dataset/cstnud/0461 1 0.0016775131225585938 24 9 1 0.5733206272125244 1 2.1944174766540527
dataset/cstnud/0462 1 0.0017206668853759766 30 9 1 0.581188440322876 1 1.3775403499603271
dataset/cstnud/0463 1 0.001837015151977539 36 11 1 0.5909514427185059 1 21.803287267684937
dataset/cstnud/0464 1 0.001878499984741211 36 9 1 0.2809488773345947 1 0.5720219612121582
dataset/cstnud/0465 1 0.0017576217651367188 30 9 1 0.2949397563934326 1 1.7366535663604736
dataset/cstnud/0466 1 0.0017707347869873047 36 9 1 0.3045074939727783 1 0.8018770217895508
dataset/cstnud/0467 1 0.00164031982421875 24 9 1 0.2928042411804199 1 0.45679330825805664
dataset/cstnud/0468 1 0.0019528865814208984 36 7 1 0.2883427143096924 1 0.790647029876709
dataset/cstnud/0469 1 0.001744985580444336 30 9 1 0.2842576503753662 1 0.8378229141235352
dataset/cstnud/0470 1 0.0019326210021972656 36 9 1 0.29149365425109863 1 0.658578634262085
dataset/cstnud/0471 1 0.0016155242919921875 24 9 1 0.301471471786499 1 1.1927649974822998
dataset/cstnud/0472 1 0.001979351043701172 36 9 1 0.5772793292999268 1 24.459622621536255
dataset/cstnud/0473 1 0.0015950202941894531 24 9 1 0.2843668460845947 1 1.0181434154510498
dataset/cstnud/0474 1 0.0019066333770751953 36 9 1 0.5723140239715576 1 8.401766061782837
dataset/cstnud/0475 1 0.0016591548919677734 24 9 1 0.2889525890350342 1 0.5292627811431885
dataset/cstnud/0476 1 0.0018243789672851562 36 9 1 0.5725054740905762 1 2.0376179218292236
dataset/cstnud/0477 1 0.0017316341400146484 36 9 1 0.3052511215209961 1 1.4494781494140625
dataset/cstnud/0478 1 0.0015974044799804688 24 7 1 0.30532026290893555 1 0.3834998607635498
dataset/cstnud/0479 1 0.0016782283782958984 30 9 1 0.5895271301269531 1 5.673060417175293
dataset/cstnud/0480 1 0.0018079280853271484 36 9 1 0.28731250762939453 1 4.8976428508758545
dataset/cstnud/0481 1 0.0019063949584960938 36 9 1 0.5779101848602295 1 1.7827975749969482
dataset/cstnud/0482 1 0.0026602745056152344 36 9 1 0.6086831092834473 1 2.804410219192505
dataset/cstnud/0483 1 0.0017824172973632812 36 9 1 0.5780165195465088 1 2.6235909461975098
dataset/cstnud/0484 1 0.0017838478088378906 30 9 1 0.5691123008728027 1 1.213857650756836
dataset/cstnud/0485 1 0.0014529228210449219 18 7 1 0.2868971824645996 1 0.4593501091003418
dataset/cstnud/0486 1 0.0025949478149414062 18 9 1 0.5314440727233887 1 0.81732177734375
dataset/cstnud/0487 1 0.0018153190612792969 30 9 1 0.5681056976318359 1 2.332688570022583
dataset/cstnud/0488 1 0.0017230510711669922 24 9 1 0.5679106712341309 1 0.7059147357940674
dataset/cstnud/0489 1 0.0017437934875488281 30 9 1 0.5778484344482422 1 1.3332712650299072
dataset/cstnud/0490 1 0.001790761947631836 36 9 1 0.28940367698669434 1 1.0088565349578857
dataset/cstnud/0491 1 0.0016644001007080078 24 7 1 0.2949643135070801 1 0.6876156330108643
dataset/cstnud/0492 1 0.0017066001892089844 30 9 1 0.570953369140625 1 2.641336441040039
dataset/cstnud/0493 1 0.0019402503967285156 36 9 1 0.5689167976379395 1 1.4366576671600342
dataset/cstnud/0494 1 0.0017719268798828125 30 9 1 0.5725388526916504 1 1.6030333042144775
dataset/cstnud/0495 1 0.0017824172973632812 30 9 1 0.5829916000366211 1 2.334986448287964
dataset/cstnud/0496 1 0.001718282699584961 30 9 1 0.2933063507080078 1 0.9554092884063721
dataset/cstnud/0497 1 0.0018916130065917969 36 9 1 0.5823945999145508 1 8.552592754364014
dataset/cstnud/0498 1 0.0015974044799804688 18 9 1 0.2887392044067383 1 7.086320638656616
dataset/cstnud/0499 1 0.0019578933715820312 36 13 1 0.2898519039154053 1 0.6206107139587402
dataset/cstnud/0500 1 0.0016078948974609375 24 9 1 0.29445767402648926 1 1.1500921249389648
dataset/cstnud/0501 1 0.0016551017761230469 24 9 1 0.5957391262054443 1 0.9027786254882812
dataset/cstnud/0502 1 0.0016384124755859375 24 9 1 0.586794376373291 1 6.228845596313477
dataset/cstnud/0503 1 0.0018990039825439453 36 9 1 0.27823686599731445 1 0.5795323848724365
dataset/cstnud/0504 1 0.0018050670623779297 36 9 1 0.5804126262664795 1 8.780927896499634
dataset/cstnud/0505 1 0.0017790794372558594 24 13 1 0.5710206031799316 1 5.8470847606658936
dataset/cstnud/0506 1 0.001861572265625 36 9 1 0.29389286041259766 1 0.7464520931243896
dataset/cstnud/0507 1 0.0017287731170654297 30 9 1 0.569237232208252 1 1.1157121658325195
dataset/cstnud/0508 1 0.0015718936920166016 18 7 1 0.29416608810424805 1 0.3436851501464844
dataset/cstnud/0509 1 0.0017859935760498047 36 9 1 0.592017650604248 1 2.2791407108306885
dataset/cstnud/0510 1 0.0016243457794189453 24 7 1 0.5640690326690674 1 0.5982351303100586
dataset/cstnud/0511 1 0.0016908645629882812 30 9 1 0.2883281707763672 1 0.7273297309875488
dataset/cstnud/0512 1 0.0030655860900878906 36 9 1 0.5767624378204346 1 1.3977797031402588
dataset/cstnud/0513 1 0.0017933845520019531 24 11 1 0.5734703540802002 1 2.7270143032073975
dataset/cstnud/0514 1 0.0016508102416992188 24 9 1 0.5748953819274902 1 0.8474712371826172
dataset/cstnud/0515 1 0.001703023910522461 30 9 1 0.5776059627532959 1 1.1882693767547607
dataset/cstnud/0516 1 0.0017392635345458984 30 9 1 0.5653059482574463 1 1.0354995727539062
dataset/cstnud/0517 1 0.0019342899322509766 30 9 1 0.5812270641326904 1 1.3650453090667725
dataset/cstnud/0518 1 0.0025796890258789062 36 9 1 0.280611515045166 1 0.49032020568847656
dataset/cstnud/0519 1 0.0017845630645751953 30 11 1 0.573974609375 1 11.388005495071411
dataset/cstnud/0520 1 0.0017273426055908203 30 9 1 0.5737857818603516 1 1.3836426734924316
dataset/cstnud/0521 1 0.0016312599182128906 24 7 1 0.2983686923980713 1 0.741776704788208
dataset/cstnud/0522 1 0.0014202594757080078 18 5 1 0.2880442142486572 1 0.324420690536499
dataset/cstnud/0523 1 0.0017070770263671875 30 11 1 0.5799224376678467 1 16.869519472122192
dataset/cstnud/0524 1 0.0019600391387939453 30 13 1 0.5898392200469971 1 2.891751527786255
dataset/cstnud/0525 1 0.0016770362854003906 24 9 1 0.3050525188446045 1 0.8994548320770264
dataset/cstnud/0526 1 0.0018801689147949219 36 9 1 0.28275346755981445 1 1.5193238258361816
dataset/cstnud/0527 1 0.0016396045684814453 24 9 1 0.5826830863952637 1 1.5072190761566162
dataset/cstnud/0528 1 0.0018656253814697266 36 9 1 0.5815529823303223 1 1.674330234527588
dataset/cstnud/0529 1 0.0019423961639404297 36 13 1 0.5777807235717773 1 11.506040811538696
dataset/cstnud/0530 1 0.0017652511596679688 30 11 1 0.5781877040863037 1 23.440579891204834
dataset/cstnud/0531 1 0.001903533935546875 36 11 1 0.2748377323150635 1 2.250075578689575
dataset/cstnud/0532 1 0.001814126968383789 36 9 1 0.60190749168396 1 2.7321643829345703
dataset/cstnud/0533 1 0.0029523372650146484 36 9 1 0.2894890308380127 1 1.461536169052124
dataset/cstnud/0534 1 0.0018758773803710938 36 9 1 0.2897617816925049 1 1.355738639831543
dataset/cstnud/0535 1 0.0018579959869384766 36 9 1 0.5698888301849365 1 6.626091003417969
dataset/cstnud/0536 1 0.0016369819641113281 24 7 1 0.2853879928588867 1 0.44803452491760254
dataset/cstnud/0537 1 0.0018427371978759766 36 9 1 0.29103803634643555 1 0.7327713966369629
dataset/cstnud/0538 1 0.0015146732330322266 18 9 1 0.27936434745788574 1 0.8491296768188477
dataset/cstnud/0539 1 0.0017805099487304688 36 9 1 0.5670638084411621 1 1.9120280742645264
dataset/cstnud/0540 1 0.0016713142395019531 24 9 1 0.5820865631103516 1 0.9450657367706299
dataset/cstnud/0541 1 0.0018579959869384766 36 9 1 0.5840015411376953 1 1.4266293048858643
dataset/cstnud/0542 1 0.0015554428100585938 18 7 1 0.568009614944458 1 0.6729047298431396
dataset/cstnud/0543 1 0.0016851425170898438 30 7 1 0.5841536521911621 1 0.6934235095977783
dataset/cstnud/0544 1 0.0016183853149414062 24 9 1 0.5722060203552246 1 0.9818229675292969
dataset/cstnud/0545 1 0.0019702911376953125 36 9 1 0.5703985691070557 1 7.773956775665283
dataset/cstnud/0546 1 0.0016412734985351562 24 9 1 0.5620417594909668 1 4.185372591018677
dataset/cstnud/0547 1 0.0016167163848876953 24 7 1 0.5796473026275635 1 0.7490932941436768
dataset/cstnud/0548 1 0.0016257762908935547 24 7 1 0.29222798347473145 1 0.5902843475341797
dataset/cstnud/0549 1 0.0015931129455566406 18 7 1 0.6332738399505615 1 1.4918060302734375
dataset/cstnud/0550 1 0.0017666816711425781 30 9 1 0.2859971523284912 1 1.3624982833862305
dataset/cstnud/0551 1 0.0015344619750976562 18 7 1 0.28458070755004883 1 0.5560908317565918
dataset/cstnud/0552 1 0.0018825531005859375 36 9 1 0.5864357948303223 1 2.20773983001709
dataset/cstnud/0553 1 0.0019130706787109375 36 9 1 0.5791120529174805 1 7.922118663787842
dataset/cstnud/0554 1 0.001882791519165039 36 9 1 0.5709068775177002 1 4.456053733825684
dataset/cstnud/0555 1 0.0018880367279052734 36 11 1 0.5711863040924072 1 4.672324180603027
dataset/cstnud/0556 1 0.0016300678253173828 24 7 1 0.28485870361328125 1 0.38201117515563965
dataset/cstnud/0557 1 0.0018014907836914062 36 9 1 0.28757429122924805 1 0.8945589065551758
dataset/cstnud/0558 1 0.0017011165618896484 18 7 1 0.2793998718261719 1 0.5969991683959961
dataset/cstnud/0559 1 0.0019969940185546875 36 9 1 0.5707015991210938 1 1.4110393524169922
dataset/cstnud/0560 1 0.0017757415771484375 30 9 1 0.29456114768981934 1 0.5509443283081055
dataset/cstnud/0561 1 0.002698659896850586 36 7 1 0.5768778324127197 1 0.6866621971130371
dataset/cstnud/0562 1 0.0015406608581542969 18 7 1 0.5721290111541748 1 0.73341965675354
dataset/cstnud/0563 1 0.001672983169555664 24 9 1 0.5732343196868896 1 0.7898235321044922
dataset/cstnud/0564 1 0.0017533302307128906 24 9 1 0.5656037330627441 1 3.623678207397461
dataset/cstnud/0565 1 0.0025975704193115234 30 7 1 0.2841315269470215 1 0.8004517555236816
dataset/cstnud/0566 1 0.0017786026000976562 30 9 1 0.576185941696167 1 1.1740458011627197
dataset/cstnud/0567 1 0.0017483234405517578 30 9 1 0.28217482566833496 1 0.8427908420562744
dataset/cstnud/0568 1 0.0018658638000488281 36 7 1 0.28566551208496094 1 0.4418060779571533
dataset/cstnud/0569 1 0.0017414093017578125 36 9 1 0.2840285301208496 1 1.1320199966430664
dataset/cstnud/0570 1 0.001714944839477539 36 7 1 0.2852787971496582 1 0.5105979442596436
dataset/cstnud/0571 1 0.0017707347869873047 30 9 1 0.28052592277526855 1 1.0425918102264404
dataset/cstnud/0572 1 0.002005338668823242 36 9 1 0.5666074752807617 1 1.255127191543579
dataset/cstnud/0573 1 0.0017442703247070312 36 9 1 0.5790107250213623 1 2.7939934730529785
dataset/cstnud/0574 1 0.0015082359313964844 18 7 1 0.5422134399414062 1 0.6227655410766602
dataset/cstnud/0575 1 0.0016603469848632812 30 7 1 0.5663926601409912 1 0.6713061332702637
dataset/cstnud/0576 1 0.002516508102416992 24 7 1 0.28424620628356934 1 0.5036032199859619
dataset/cstnud/0577 1 0.0017247200012207031 24 9 1 0.2886078357696533 1 0.7484927177429199
dataset/cstnud/0578 1 0.0017342567443847656 30 9 1 0.5741376876831055 1 6.420870065689087
dataset/cstnud/0579 1 0.0018296241760253906 36 9 1 0.5796523094177246 1 13.10798168182373
dataset/cstnud/0580 1 0.0016736984252929688 24 7 1 0.28917360305786133 1 0.5795128345489502
dataset/cstnud/0581 1 0.001897573471069336 36 11 1 0.28272199630737305 1 9.452555418014526
dataset/cstnud/0582 1 0.001861572265625 36 9 1 0.5900223255157471 1 3.1812150478363037
dataset/cstnud/0583 1 0.0016024112701416016 24 9 1 0.5748693943023682 1 0.9605302810668945
dataset/cstnud/0584 1 0.0016732215881347656 24 11 1 0.5781114101409912 1 16.657464742660522
dataset/cstnud/0585 1 0.0017507076263427734 30 9 1 0.5705227851867676 1 1.3214259147644043
dataset/cstnud/0586 1 0.0017251968383789062 24 9 1 0.28317785263061523 1 1.0163683891296387
dataset/cstnud/0587 1 0.0018868446350097656 36 9 1 0.5836844444274902 1 1.1827175617218018
dataset/cstnud/0588 1 0.0024225711822509766 18 7 1 0.29601263999938965 1 1.0886085033416748
dataset/cstnud/0589 1 0.0017497539520263672 30 9 1 0.5636708736419678 1 0.9146296977996826
dataset/cstnud/0590 1 0.0018584728240966797 36 9 1 0.560227632522583 1 1.100517988204956
dataset/cstnud/0591 1 0.001726388931274414 30 9 1 0.2859914302825928 1 0.5929796695709229
dataset/cstnud/0592 1 0.0017580986022949219 30 9 1 0.5692951679229736 1 5.385002851486206
dataset/cstnud/0593 1 0.0016927719116210938 24 9 1 0.29409241676330566 1 0.8314979076385498
dataset/cstnud/0594 1 0.0015599727630615234 18 7 1 0.28554272651672363 1 0.44866943359375
dataset/cstnud/0595 1 0.0018775463104248047 36 9 1 0.5598843097686768 1 4.744324684143066
dataset/cstnud/0596 1 0.0019423961639404297 36 9 1 0.5865118503570557 1 1.7707462310791016
dataset/cstnud/0597 1 0.0016026496887207031 24 9 1 0.30436277389526367 1 1.1993308067321777
dataset/cstnud/0598 1 0.001756429672241211 18 7 1 0.28801679611206055 1 0.3805735111236572
dataset/cstnud/0599 1 0.0016808509826660156 24 9 1 0.28745222091674805 1 0.8306083679199219
dataset/cstnud/0600 1 0.001893758773803711 36 9 1 0.5751872062683105 1 8.803722858428955
dataset/cstnud/0601 1 0.0019457340240478516 36 9 1 0.5658855438232422 1 7.944799184799194
dataset/cstnud/0602 1 0.001874685287475586 30 7 1 0.2861359119415283 1 0.677321195602417
dataset/cstnud/0603 1 0.0018222332000732422 36 9 1 0.5751698017120361 1 0.8356921672821045
dataset/cstnud/0604 1 0.0016598701477050781 30 9 1 0.5722675323486328 1 0.775536298751831
dataset/cstnud/0605 1 0.001800537109375 30 9 1 0.2868475914001465 1 2.220869779586792
dataset/cstnud/0606 1 0.0017435550689697266 30 9 1 0.5722191333770752 1 4.489722013473511
dataset/cstnud/0607 1 0.0017964839935302734 36 9 1 0.5732128620147705 1 7.5801310539245605
dataset/cstnud/0608 1 0.0018000602722167969 30 9 1 0.5851438045501709 1 43.45851254463196
dataset/cstnud/0609 1 0.0019273757934570312 36 9 1 0.601731538772583 1 1.5503883361816406
dataset/cstnud/0610 1 0.0019063949584960938 36 9 1 0.5807981491088867 1 2.3541605472564697
dataset/cstnud/0611 1 0.0017380714416503906 24 9 1 0.2920973300933838 1 0.7409594058990479
dataset/cstnud/0612 1 0.001695394515991211 30 9 1 0.5861430168151855 1 0.7663326263427734
dataset/cstnud/0613 1 0.0017557144165039062 30 9 1 0.5696370601654053 1 1.1712429523468018
dataset/cstnud/0614 1 0.002514362335205078 30 11 1 0.5811264514923096 1 131.55013179779053
dataset/cstnud/0615 1 0.0017161369323730469 30 9 1 0.2854907512664795 1 1.6397426128387451
dataset/cstnud/0616 1 0.0017802715301513672 30 9 1 0.2794685363769531 1 1.3022723197937012
dataset/cstnud/0617 1 0.002816438674926758 30 7 1 0.2828938961029053 1 0.5948085784912109
dataset/cstnud/0618 1 0.0017120838165283203 30 7 1 0.5638079643249512 1 0.7091095447540283
dataset/cstnud/0619 1 0.0018434524536132812 30 9 1 0.5766899585723877 1 9.348950624465942
dataset/cstnud/0620 1 0.001756429672241211 30 9 1 0.5619440078735352 1 2.006700038909912
dataset/cstnud/0621 1 0.0016503334045410156 24 9 1 0.5831623077392578 1 2.6969685554504395
dataset/cstnud/0622 1 0.0025670528411865234 36 9 1 0.5666131973266602 1 1.4541189670562744
dataset/cstnud/0623 1 0.0017819404602050781 36 9 1 0.28528499603271484 1 0.5503363609313965
dataset/cstnud/0624 1 0.0018723011016845703 36 9 1 0.5863962173461914 1 1.1644184589385986
dataset/cstnud/0625 1 0.0018072128295898438 30 9 1 0.5868396759033203 1 13.210619688034058
dataset/cstnud/0626 1 0.001764059066772461 30 9 1 0.28267979621887207 1 0.6197583675384521
dataset/cstnud/0627 1 0.0016260147094726562 24 7 1 0.5829880237579346 1 0.732964277267456
dataset/cstnud/0628 1 0.0026972293853759766 30 11 1 0.5860862731933594 1 8.063124656677246
dataset/cstnud/0629 1 0.0015554428100585938 24 7 1 0.28873395919799805 1 0.40132808685302734
dataset/cstnud/0630 1 0.0016937255859375 24 9 1 0.574946403503418 1 0.6328322887420654
dataset/cstnud/0631 1 0.0026025772094726562 24 9 1 0.2852935791015625 1 1.5417633056640625
dataset/cstnud/0632 1 0.001890420913696289 36 9 1 0.5739588737487793 1 4.425805568695068
dataset/cstnud/0633 1 0.0018913745880126953 36 9 1 0.5751805305480957 1 2.721740245819092
dataset/cstnud/0634 1 0.0019154548645019531 36 9 1 0.5778796672821045 1 2.0397024154663086
dataset/cstnud/0635 1 0.0017104148864746094 30 9 1 0.3171834945678711 1 1.1682789325714111
dataset/cstnud/0636 1 0.001901865005493164 30 11 1 0.5756819248199463 1 4.3266825675964355
dataset/cstnud/0637 1 0.001825571060180664 36 9 1 0.3006706237792969 1 0.9060869216918945
dataset/cstnud/0638 1 0.001659393310546875 24 7 1 0.5756559371948242 1 0.7333614826202393
dataset/cstnud/0639 1 0.0027861595153808594 36 9 1 0.2909393310546875 1 2.2977354526519775
dataset/cstnud/0640 1 0.0019249916076660156 36 9 1 0.5767438411712646 1 8.2805655002594
dataset/cstnud/0641 1 0.0018157958984375 36 9 1 0.2891373634338379 1 0.9886791706085205
dataset/cstnud/0642 1 0.0017936229705810547 30 9 1 0.2977423667907715 1 1.3621826171875
dataset/cstnud/0643 1 0.0018832683563232422 36 9 1 0.5646288394927979 1 1.106330394744873
dataset/cstnud/0644 1 0.0018620491027832031 36 9 1 0.27951502799987793 1 1.4559791088104248
dataset/cstnud/0645 1 0.0024063587188720703 24 9 1 0.5648491382598877 1 1.301029920578003
dataset/cstnud/0646 1 0.001975536346435547 36 9 1 0.28415584564208984 1 0.8261241912841797
dataset/cstnud/0647 1 0.001920461654663086 36 9 1 0.28838372230529785 1 1.9979486465454102
dataset/cstnud/0648 1 0.0017440319061279297 30 9 1 0.2882540225982666 1 3.06766939163208
dataset/cstnud/0649 1 0.0017287731170654297 24 9 1 0.2936108112335205 1 0.6288290023803711
dataset/cstnud/0650 1 0.0016405582427978516 18 11 1 0.5684490203857422 1 0.880483865737915
dataset/cstnud/0651 1 0.001733541488647461 36 7 1 0.2857780456542969 1 0.7413115501403809
dataset/cstnud/0652 1 0.0016956329345703125 30 7 1 0.2956516742706299 1 0.7303080558776855
dataset/cstnud/0653 1 0.001683950424194336 24 7 1 0.2905738353729248 1 0.5315136909484863
dataset/cstnud/0654 1 0.0019845962524414062 30 9 1 0.5615565776824951 1 0.9606823921203613
dataset/cstnud/0655 1 0.0019197463989257812 36 9 1 0.283888578414917 1 3.806358575820923
dataset/cstnud/0656 1 0.0017862319946289062 36 9 1 0.28239989280700684 1 1.5762019157409668
dataset/cstnud/0657 1 0.0016567707061767578 24 9 1 0.5588815212249756 1 1.156179428100586
dataset/cstnud/0658 1 0.0017826557159423828 36 9 1 0.294996976852417 1 0.9491119384765625
dataset/cstnud/0659 1 0.0017771720886230469 36 9 1 0.2787003517150879 1 0.5143063068389893
dataset/cstnud/0660 1 0.0019855499267578125 36 9 1 0.5859479904174805 1 16.79108738899231
dataset/cstnud/0661 1 0.0015943050384521484 18 9 1 0.2980690002441406 1 0.5964217185974121
dataset/cstnud/0662 1 0.0016558170318603516 24 9 1 0.28499412536621094 1 0.621953010559082
dataset/cstnud/0663 1 0.0026292800903320312 36 9 1 0.568544864654541 1 0.9361515045166016
dataset/cstnud/0664 1 0.0017006397247314453 24 7 1 0.5708563327789307 1 0.7095596790313721
dataset/cstnud/0665 1 0.0017848014831542969 30 9 1 0.2967100143432617 1 1.2017042636871338
dataset/cstnud/0666 1 0.0016255378723144531 24 7 1 0.293729305267334 1 0.48525118827819824
dataset/cstnud/0667 1 0.0017209053039550781 24 9 1 0.2861063480377197 1 1.2414417266845703
dataset/cstnud/0668 1 0.001744985580444336 30 9 1 0.5540177822113037 1 11.944438219070435
dataset/cstnud/0669 1 0.0017247200012207031 36 9 1 0.294142484664917 1 0.6972205638885498
dataset/cstnud/0670 1 0.001773834228515625 36 9 1 0.5931706428527832 1 4.462327718734741
dataset/cstnud/0671 1 0.0017168521881103516 30 9 1 0.5690739154815674 1 11.418463230133057
dataset/cstnud/0672 1 0.0018503665924072266 36 9 1 0.2920351028442383 1 3.939678430557251
dataset/cstnud/0673 1 0.0017256736755371094 24 9 1 0.582902193069458 1 8.031779766082764
dataset/cstnud/0674 1 0.001852273941040039 36 9 1 0.5803110599517822 1 1.1048927307128906
dataset/cstnud/0675 1 0.0017249584197998047 24 9 1 0.5735640525817871 1 1.2492172718048096
dataset/cstnud/0676 1 0.0018246173858642578 36 7 1 0.3045811653137207 1 0.7149035930633545
dataset/cstnud/0677 1 0.001739501953125 30 9 1 0.2919456958770752 1 1.3583722114562988
dataset/cstnud/0678 1 0.002422332763671875 30 9 1 0.5699076652526855 1 0.8988845348358154
dataset/cstnud/0679 1 0.0017323493957519531 30 9 1 0.28661370277404785 1 2.05877685546875
dataset/cstnud/0680 1 0.0017173290252685547 30 9 1 0.5817224979400635 1 2.2904930114746094
dataset/cstnud/0681 1 0.0017008781433105469 24 9 1 0.5754179954528809 1 5.046567440032959
dataset/cstnud/0682 1 0.0016036033630371094 18 9 1 0.28918027877807617 1 0.6133785247802734
dataset/cstnud/0683 1 0.0017828941345214844 30 9 1 0.5707683563232422 1 3.415282964706421
dataset/cstnud/0684 1 0.001804351806640625 30 9 1 0.29582643508911133 1 0.6261012554168701
dataset/cstnud/0685 1 0.0015940666198730469 18 9 1 0.2984437942504883 1 1.0460205078125
dataset/cstnud/0686 1 0.002435445785522461 24 9 1 0.2827327251434326 1 1.1996686458587646
dataset/cstnud/0687 1 0.0018191337585449219 36 9 1 0.584202766418457 1 1.4144830703735352
dataset/cstnud/0688 1 0.001775503158569336 36 9 1 0.27737927436828613 1 0.5087018013000488
dataset/cstnud/0689 1 0.0014982223510742188 18 7 1 0.28468847274780273 1 0.3748493194580078
dataset/cstnud/0690 1 0.0018351078033447266 36 9 1 0.2935197353363037 1 1.133385419845581
dataset/cstnud/0691 1 0.0017285346984863281 30 9 1 0.5720100402832031 1 5.141069650650024
dataset/cstnud/0692 1 0.0017826557159423828 36 9 1 0.2863936424255371 1 1.4561271667480469
dataset/cstnud/0693 1 0.0017464160919189453 30 9 1 0.282442569732666 1 0.5273399353027344
dataset/cstnud/0694 1 0.0018091201782226562 30 9 1 0.283336877822876 1 1.3574273586273193
dataset/cstnud/0695 1 0.001706838607788086 30 9 1 0.28885698318481445 1 0.784313440322876
dataset/cstnud/0696 1 0.0016744136810302734 24 9 1 0.582404613494873 1 19.667932510375977
dataset/cstnud/0697 1 0.001630544662475586 24 9 1 0.5731770992279053 1 0.8107790946960449
dataset/cstnud/0698 1 0.0017764568328857422 36 9 1 0.5697872638702393 1 1.1010053157806396
dataset/cstnud/0699 1 0.0015766620635986328 18 7 1 0.2954256534576416 1 0.3931849002838135
dataset/cstnud/0700 1 0.0015022754669189453 18 7 1 0.5740513801574707 1 0.5527081489562988
dataset/cstnud/0701 1 0.0020685195922851562 36 9 1 0.5780251026153564 1 0.9212589263916016
dataset/cstnud/0702 1 0.0018677711486816406 36 9 1 0.29576659202575684 1 0.5380971431732178
dataset/cstnud/0703 1 0.0017979145050048828 30 11 1 0.2829163074493408 1 0.6859807968139648
dataset/cstnud/0704 1 0.0017852783203125 30 9 1 0.5782148838043213 1 2.1379873752593994
dataset/cstnud/0705 1 0.0018470287322998047 30 9 1 0.2857332229614258 1 1.452122449874878
dataset/cstnud/0706 1 0.0019648075103759766 36 11 1 0.5696868896484375 1 22.77203130722046
dataset/cstnud/0707 1 0.001882314682006836 30 9 1 0.57729172706604 1 9.31969952583313
dataset/cstnud/0708 1 0.0018935203552246094 36 9 1 0.5881242752075195 1 1.3431527614593506
dataset/cstnud/0709 1 0.0016982555389404297 30 9 1 0.5608072280883789 1 5.778458118438721
dataset/cstnud/0710 1 0.0018639564514160156 36 9 1 0.5842776298522949 1 3.4739794731140137
dataset/cstnud/0711 1 0.0016646385192871094 24 9 1 0.5758435726165771 1 0.9753644466400146
dataset/cstnud/0712 1 0.0016739368438720703 24 9 1 0.6020197868347168 1 1.3868203163146973
dataset/cstnud/0713 1 0.001678466796875 24 9 1 0.28831005096435547 1 0.49253106117248535
dataset/cstnud/0714 1 0.0016980171203613281 30 9 1 0.3013308048248291 1 1.1988558769226074
dataset/cstnud/0715 1 0.001687765121459961 24 7 1 0.2975118160247803 1 0.5744481086730957
dataset/cstnud/0716 1 0.0015957355499267578 18 7 1 0.28785133361816406 1 0.9956364631652832
dataset/cstnud/0717 1 0.0017778873443603516 30 9 1 0.5843169689178467 1 3.62615966796875
dataset/cstnud/0718 1 0.0019617080688476562 36 9 1 0.5909337997436523 1 15.74806022644043
dataset/cstnud/0719 1 0.0018391609191894531 36 9 1 0.5939023494720459 1 2.742929697036743
dataset/cstnud/0720 1 0.0015716552734375 18 9 1 0.3099372386932373 1 0.8078181743621826
dataset/cstnud/0721 1 0.0019173622131347656 30 7 1 0.2941865921020508 1 0.6024057865142822
dataset/cstnud/0722 1 0.0016982555389404297 30 7 1 0.294081449508667 1 0.7529776096343994
dataset/cstnud/0723 1 0.0016100406646728516 24 7 1 0.296633243560791 1 0.4432971477508545
dataset/cstnud/0724 1 0.0017096996307373047 24 7 1 0.5802228450775146 1 0.590106725692749
dataset/cstnud/0725 1 0.0017521381378173828 30 9 1 0.5818474292755127 1 1.0474798679351807
dataset/cstnud/0726 1 0.0018324851989746094 30 9 1 0.5762176513671875 1 8.367323875427246
dataset/cstnud/0727 1 0.0016548633575439453 24 9 1 0.2892725467681885 1 1.115760326385498
dataset/cstnud/0728 1 0.0018336772918701172 36 7 1 0.5781915187835693 1 0.6817567348480225
dataset/cstnud/0729 1 0.0017337799072265625 30 9 1 0.5905294418334961 1 1.1320395469665527
dataset/cstnud/0730 1 0.001636505126953125 24 7 1 0.28405261039733887 1 0.6562128067016602
dataset/cstnud/0731 1 0.0017113685607910156 30 9 1 0.5705180168151855 1 1.3084983825683594
dataset/cstnud/0732 1 0.0015246868133544922 18 9 1 0.579657793045044 1 0.7494955062866211
dataset/cstnud/0733 1 0.0019178390502929688 36 9 1 0.5880224704742432 1 22.37383484840393
dataset/cstnud/0734 1 0.0017342567443847656 30 9 1 0.5951395034790039 1 2.102126359939575
dataset/cstnud/0735 1 0.0016388893127441406 24 7 1 0.29109644889831543 1 0.3816215991973877
dataset/cstnud/0736 1 0.0018262863159179688 30 9 1 0.5850236415863037 1 2.06964111328125
dataset/cstnud/0737 1 0.0019605159759521484 36 9 1 0.5846917629241943 1 33.61980414390564
dataset/cstnud/0738 1 0.0018546581268310547 30 9 1 0.2914254665374756 1 1.4329853057861328
dataset/cstnud/0739 1 0.0023403167724609375 18 7 1 0.294905424118042 1 0.4098927974700928
dataset/cstnud/0740 1 0.0019500255584716797 30 9 1 0.6122610569000244 1 1.3271236419677734
dataset/cstnud/0741 1 0.0016832351684570312 24 9 1 0.3027932643890381 1 2.0120632648468018
dataset/cstnud/0742 1 0.0016410350799560547 18 11 1 0.5858268737792969 1 1.0566706657409668
dataset/cstnud/0743 1 0.0017209053039550781 24 9 1 0.5768823623657227 1 0.9843671321868896
dataset/cstnud/0744 1 0.0016849040985107422 30 9 1 0.5939862728118896 1 0.6560909748077393
dataset/cstnud/0745 1 0.001957416534423828 36 9 1 0.5820324420928955 1 7.203030586242676
dataset/cstnud/0746 1 0.0019011497497558594 36 9 1 0.5866599082946777 1 11.846933364868164
dataset/cstnud/0747 1 0.0017590522766113281 30 9 1 0.29549455642700195 1 0.9095110893249512
dataset/cstnud/0748 1 0.0019490718841552734 36 9 1 0.5850105285644531 1 1.1789824962615967
dataset/cstnud/0749 1 0.0017833709716796875 30 9 1 0.5828588008880615 1 2.4017162322998047
dataset/cstnud/0750 1 0.001909494400024414 30 9 1 0.29175734519958496 1 3.567917823791504
dataset/cstnud/0751 1 0.0019288063049316406 36 9 1 0.5809156894683838 1 2.292390823364258
dataset/cstnud/0752 1 0.0019469261169433594 36 9 1 0.5828301906585693 1 14.139832735061646
dataset/cstnud/0753 1 0.0019092559814453125 36 9 1 0.5636825561523438 1 2.034684658050537
dataset/cstnud/0754 1 0.0018742084503173828 36 9 1 0.5792281627655029 1 0.9536590576171875
dataset/cstnud/0755 1 0.001714944839477539 24 9 1 0.5806875228881836 1 1.0999369621276855
dataset/cstnud/0756 1 0.0019176006317138672 36 9 1 0.575279951095581 1 7.344613313674927
dataset/cstnud/0757 1 0.0019714832305908203 36 9 1 0.5791800022125244 1 10.739262819290161
dataset/cstnud/0758 1 0.0017347335815429688 30 9 1 0.5782289505004883 1 3.2494685649871826
dataset/cstnud/0759 1 0.0018641948699951172 30 9 1 0.5760619640350342 1 1.3626959323883057
dataset/cstnud/0760 1 0.0018608570098876953 36 9 1 0.28886961936950684 1 5.139583587646484
dataset/cstnud/0761 1 0.0019240379333496094 24 9 1 0.5614171028137207 1 0.8452703952789307
dataset/cstnud/0762 1 0.0018877983093261719 36 11 1 0.5761024951934814 1 15.525495052337646
dataset/cstnud/0763 1 0.0018131732940673828 30 9 1 0.5734658241271973 1 2.889880418777466
dataset/cstnud/0764 1 0.0017311573028564453 30 9 1 0.2995336055755615 1 0.6800112724304199
dataset/cstnud/0765 1 0.0017080307006835938 30 9 1 0.2921431064605713 1 0.9048612117767334
dataset/cstnud/0766 1 0.0017478466033935547 24 7 1 0.2867553234100342 1 0.46215367317199707
dataset/cstnud/0767 1 0.002910137176513672 36 9 1 0.573005199432373 1 2.20224666595459
dataset/cstnud/0768 1 0.0017027854919433594 30 9 1 0.28869056701660156 1 0.9904553890228271
dataset/cstnud/0769 1 0.0026733875274658203 36 7 1 0.549706220626831 1 0.7511215209960938
dataset/cstnud/0770 1 0.0016677379608154297 24 7 1 0.286729097366333 1 0.7077586650848389
dataset/cstnud/0771 1 0.00179290771484375 24 9 1 0.2849736213684082 1 0.6454586982727051
dataset/cstnud/0772 1 0.0018429756164550781 36 9 1 0.577183723449707 1 8.547543048858643
dataset/cstnud/0773 1 0.0018413066864013672 30 9 1 0.5767488479614258 1 12.024925231933594
dataset/cstnud/0774 1 0.001867532730102539 30 9 1 0.5790321826934814 1 2.590569257736206
dataset/cstnud/0775 1 0.0018544197082519531 36 9 1 0.5820426940917969 1 4.6685264110565186
dataset/cstnud/0776 1 0.0016033649444580078 18 9 1 0.5792396068572998 1 3.188215732574463
dataset/cstnud/0777 1 0.0018877983093261719 36 9 1 0.295290470123291 1 1.1631135940551758
dataset/cstnud/0778 1 0.001707315444946289 24 9 1 0.29140639305114746 1 0.6754817962646484
dataset/cstnud/0779 1 0.002672433853149414 30 9 1 0.5574946403503418 1 2.136461019515991
dataset/cstnud/0780 1 0.001756429672241211 30 9 1 0.2823958396911621 1 0.6077380180358887
dataset/cstnud/0781 1 0.001798391342163086 36 9 1 0.3007199764251709 1 3.220629930496216
dataset/cstnud/0782 1 0.0017762184143066406 36 9 1 0.5781025886535645 1 13.12181806564331
dataset/cstnud/0783 1 0.0019240379333496094 36 9 1 0.5706198215484619 1 5.027421712875366
dataset/cstnud/0784 1 0.0018012523651123047 36 9 1 0.6004540920257568 1 1.4438490867614746
dataset/cstnud/0785 1 0.0017101764678955078 30 9 1 0.5754539966583252 1 2.5132272243499756
dataset/cstnud/0786 1 0.0019004344940185547 30 11 1 0.5804235935211182 1 4.870724439620972
dataset/cstnud/0787 1 0.0018336772918701172 36 9 1 0.28800487518310547 1 1.022252082824707
dataset/cstnud/0788 1 0.0015954971313476562 24 9 1 0.29271554946899414 1 0.6297435760498047
dataset/cstnud/0789 1 0.0015666484832763672 24 7 1 0.29898929595947266 1 0.4638538360595703
dataset/cstnud/0790 1 0.001833200454711914 36 9 1 0.5862126350402832 1 0.7746555805206299
dataset/cstnud/0791 1 0.0016238689422607422 24 9 1 0.5724349021911621 1 1.3242816925048828
dataset/cstnud/0792 1 0.001806020736694336 36 9 1 0.2851526737213135 1 0.7181940078735352
dataset/cstnud/0793 1 0.001748800277709961 30 9 1 0.29051923751831055 1 1.9350297451019287
dataset/cstnud/0794 1 0.0018749237060546875 36 9 1 0.5728158950805664 1 11.700786590576172
dataset/cstnud/0795 1 0.0016529560089111328 24 9 1 0.2861001491546631 1 0.945819616317749
dataset/cstnud/0796 1 0.0018000602722167969 30 9 1 0.5688474178314209 1 0.8629827499389648
dataset/cstnud/0797 1 0.001552581787109375 24 9 1 0.2880268096923828 1 0.5200622081756592
dataset/cstnud/0798 1 0.0017342567443847656 24 11 1 0.2902207374572754 1 4.45451807975769
dataset/cstnud/0799 1 0.0017232894897460938 30 9 1 0.5691452026367188 1 0.8635060787200928
dataset/cstnud/0800 1 0.001695871353149414 30 9 1 0.29659223556518555 1 0.7026143074035645
dataset/cstnud/0801 1 0.001659393310546875 30 9 1 0.2915842533111572 1 0.6048107147216797
dataset/cstnud/0802 1 0.0016903877258300781 24 7 1 0.5621800422668457 1 0.5656976699829102
dataset/cstnud/0803 1 0.0017521381378173828 30 9 1 0.28917765617370605 1 1.4609837532043457
dataset/cstnud/0804 1 0.0019311904907226562 36 9 1 0.28719544410705566 1 1.2714312076568604
dataset/cstnud/0805 1 0.001859903335571289 36 9 1 0.5738320350646973 1 1.3587150573730469
dataset/cstnud/0806 1 0.0014979839324951172 18 5 1 0.2835085391998291 1 0.30718445777893066
dataset/cstnud/0807 1 0.001987934112548828 36 13 1 0.2886779308319092 1 12.923843145370483
dataset/cstnud/0808 1 0.0016417503356933594 18 9 1 0.2915172576904297 1 1.244783639907837
dataset/cstnud/0809 1 0.0018818378448486328 36 9 1 0.591454029083252 1 3.0450029373168945
dataset/cstnud/0810 1 0.0017540454864501953 30 9 1 0.2804102897644043 1 1.4771759510040283
dataset/cstnud/0811 1 0.0018281936645507812 24 11 1 0.5851447582244873 1 1.1897335052490234
dataset/cstnud/0812 1 0.0016565322875976562 18 9 1 0.5759572982788086 1 1.5265638828277588
dataset/cstnud/0813 1 0.0017628669738769531 30 11 1 0.5816209316253662 1 1.7134151458740234
dataset/cstnud/0814 1 0.001621246337890625 24 7 1 0.2857053279876709 1 0.7521541118621826
dataset/cstnud/0815 1 0.0015790462493896484 18 9 1 0.6274003982543945 1 15.267640590667725
dataset/cstnud/0816 1 0.0018017292022705078 36 9 1 0.2876553535461426 1 0.715522289276123
dataset/cstnud/0817 1 0.0015337467193603516 18 9 1 0.28359293937683105 1 0.5122601985931396
dataset/cstnud/0818 1 0.0018949508666992188 24 9 1 0.5915870666503906 1 1.1768808364868164
dataset/cstnud/0819 1 0.0017008781433105469 30 7 1 0.28563785552978516 1 0.66506028175354
dataset/cstnud/0820 1 0.0018436908721923828 36 9 1 0.5768280029296875 1 4.102737903594971
dataset/cstnud/0821 1 0.0016307830810546875 24 7 1 0.28605055809020996 1 0.4560391902923584
dataset/cstnud/0822 1 0.0016088485717773438 18 7 1 0.2860240936279297 1 0.6473908424377441
dataset/cstnud/0823 1 0.0016071796417236328 24 9 1 0.2942953109741211 1 0.7683517932891846
dataset/cstnud/0824 1 0.001796722412109375 30 9 1 0.5782032012939453 1 5.139422178268433
dataset/cstnud/0825 1 0.0016582012176513672 18 11 1 0.5793797969818115 1 15.721195697784424
dataset/cstnud/0826 1 0.0018842220306396484 36 9 1 0.5754883289337158 1 8.340380907058716
dataset/cstnud/0827 1 0.001659393310546875 24 7 1 0.585695743560791 1 0.6702208518981934
dataset/cstnud/0828 1 0.0016696453094482422 24 7 1 0.28992295265197754 1 0.3999183177947998
dataset/cstnud/0829 1 0.0026292800903320312 36 9 1 0.2828710079193115 1 3.48901104927063
dataset/cstnud/0830 1 0.0019083023071289062 36 11 1 0.5766799449920654 1 18.21122169494629
dataset/cstnud/0831 1 0.0018932819366455078 36 9 1 0.3012428283691406 1 3.669306516647339
dataset/cstnud/0832 1 0.0017676353454589844 36 9 1 0.5918855667114258 1 1.544987678527832
dataset/cstnud/0833 1 0.0017743110656738281 30 9 1 0.5789687633514404 1 5.424054384231567
dataset/cstnud/0834 1 0.0018324851989746094 36 11 1 0.2951958179473877 1 1.32545804977417
dataset/cstnud/0835 1 0.0016810894012451172 24 11 1 0.29134154319763184 1 2.0006377696990967
dataset/cstnud/0836 1 0.0017943382263183594 36 9 1 0.5894496440887451 1 2.7976105213165283
dataset/cstnud/0837 1 0.0017893314361572266 30 9 1 0.5729107856750488 1 9.074609994888306
dataset/cstnud/0838 1 0.002001523971557617 36 9 1 0.5704572200775146 1 8.581313371658325
dataset/cstnud/0839 1 0.001592874526977539 24 9 1 0.310990571975708 1 1.173537254333496
dataset/cstnud/0840 1 0.0017077922821044922 30 9 1 0.5707433223724365 1 5.0664222240448
dataset/cstnud/0841 1 0.0016727447509765625 24 9 1 0.28552818298339844 1 1.5082261562347412
dataset/cstnud/0842 1 0.0017056465148925781 24 9 1 0.5958940982818604 1 1.735379695892334
dataset/cstnud/0843 1 0.0015347003936767578 18 7 1 0.5816655158996582 1 0.7187738418579102
dataset/cstnud/0844 1 0.0019545555114746094 36 9 1 0.2833433151245117 1 4.747356653213501
dataset/cstnud/0845 1 0.0017828941345214844 30 9 1 0.5857639312744141 1 2.0406994819641113
dataset/cstnud/0846 1 0.0017778873443603516 30 9 1 0.289949893951416 1 1.260254144668579
dataset/cstnud/0847 1 0.0016269683837890625 24 7 1 0.5737996101379395 1 0.5119423866271973
dataset/cstnud/0848 1 0.0017943382263183594 36 9 1 0.5685751438140869 1 1.2742714881896973
dataset/cstnud/0849 1 0.0016145706176757812 18 11 1 0.30170249938964844 1 1.6912026405334473
dataset/cstnud/0850 1 0.0016765594482421875 30 7 1 0.5852916240692139 1 0.7857680320739746
dataset/cstnud/0851 1 0.002535581588745117 24 9 1 0.5722334384918213 1 7.879592418670654
dataset/cstnud/0852 1 0.0016503334045410156 24 7 1 0.2845742702484131 1 0.44837403297424316
dataset/cstnud/0853 1 0.0017621517181396484 30 9 1 0.27937841415405273 1 0.752140998840332
dataset/cstnud/0854 1 0.0017361640930175781 30 9 1 0.5880324840545654 1 2.656698226928711
dataset/cstnud/0855 1 0.0019228458404541016 30 9 1 0.5813694000244141 1 2.3307271003723145
dataset/cstnud/0856 1 0.0018222332000732422 30 9 1 0.29001736640930176 1 2.236715078353882
dataset/cstnud/0857 1 0.0017151832580566406 30 9 1 0.5812373161315918 1 0.79111647605896
dataset/cstnud/0858 1 0.0016727447509765625 18 9 1 0.5622231960296631 1 1.2579762935638428
dataset/cstnud/0859 1 0.0017170906066894531 30 9 1 0.29094600677490234 1 0.933558464050293
dataset/cstnud/0860 1 0.001931905746459961 36 9 1 0.5789754390716553 1 2.323965072631836
dataset/cstnud/0861 1 0.0016646385192871094 24 11 1 0.597996711730957 1 6.6639251708984375
dataset/cstnud/0862 1 0.0017213821411132812 30 9 1 0.2820572853088379 1 0.6677000522613525
dataset/cstnud/0863 1 0.0016353130340576172 18 11 1 0.5813100337982178 1 2.982389211654663
dataset/cstnud/0864 1 0.001863241195678711 36 9 1 0.5731768608093262 1 0.9879992008209229
dataset/cstnud/0865 1 0.0017764568328857422 36 7 1 0.5647919178009033 1 0.7403318881988525
dataset/cstnud/0866 1 0.0016109943389892578 24 7 1 0.5654575824737549 1 0.7307212352752686
dataset/cstnud/0867 1 0.001840829849243164 36 9 1 0.2960526943206787 1 1.5568089485168457
dataset/cstnud/0868 1 0.0018389225006103516 36 9 1 0.28353285789489746 1 0.7172086238861084
dataset/cstnud/0869 1 0.0018928050994873047 36 9 1 0.5806286334991455 1 3.769195795059204
dataset/cstnud/0870 1 0.0017635822296142578 30 9 1 0.5666232109069824 1 1.290557861328125
dataset/cstnud/0871 1 0.0014827251434326172 18 9 1 0.29236459732055664 1 0.4960792064666748
dataset/cstnud/0872 1 0.0016529560089111328 18 11 1 0.580054521560669 1 1.0532152652740479
dataset/cstnud/0873 1 0.002017974853515625 36 9 1 0.28813838958740234 1 0.9763987064361572
dataset/cstnud/0874 1 0.001810312271118164 36 9 1 0.5769312381744385 1 0.7637522220611572
dataset/cstnud/0875 1 0.001749277114868164 24 9 1 0.5793342590332031 1 2.0856192111968994
dataset/cstnud/0876 1 0.0018453598022460938 36 9 1 0.5729801654815674 1 1.2498435974121094
dataset/cstnud/0877 1 0.0017247200012207031 24 7 1 0.28724241256713867 1 0.4686253070831299
dataset/cstnud/0878 1 0.0017085075378417969 30 9 1 0.289093017578125 1 0.7791085243225098
dataset/cstnud/0879 1 0.00167083740234375 24 9 1 0.28742194175720215 1 0.6812155246734619
dataset/cstnud/0880 1 0.0017371177673339844 30 9 1 0.5690984725952148 1 1.3614938259124756
dataset/cstnud/0881 1 0.0018508434295654297 36 9 1 0.579458475112915 1 6.4028480052948
dataset/cstnud/0882 1 0.0016829967498779297 24 9 1 0.29113006591796875 1 1.2334654331207275
dataset/cstnud/0883 1 0.0015614032745361328 24 7 1 0.5814769268035889 1 0.7642397880554199
dataset/cstnud/0884 1 0.0016834735870361328 24 9 1 0.5824141502380371 1 10.226610660552979
dataset/cstnud/0885 1 0.0017588138580322266 30 9 1 0.5757393836975098 1 0.89469313621521
dataset/cstnud/0886 1 0.002718687057495117 36 9 1 0.5764811038970947 1 6.542658567428589
dataset/cstnud/0887 1 0.0015690326690673828 18 7 1 0.3195664882659912 1 0.7762041091918945
dataset/cstnud/0888 1 0.0019023418426513672 36 9 1 0.2881588935852051 1 1.4284677505493164
dataset/cstnud/0889 1 0.001653432846069336 18 9 1 0.582770586013794 1 0.8184642791748047
dataset/cstnud/0890 1 0.00191497802734375 36 9 1 0.5807681083679199 1 9.946051836013794
dataset/cstnud/0891 1 0.0019364356994628906 36 9 1 0.292879581451416 1 0.7674541473388672
dataset/cstnud/0892 1 0.0018455982208251953 30 9 1 0.5744352340698242 1 12.164161443710327
dataset/cstnud/0893 1 0.0016367435455322266 24 7 1 0.2841026782989502 1 0.7564940452575684
dataset/cstnud/0894 1 0.0017552375793457031 30 9 1 0.5834360122680664 1 19.06779384613037
dataset/cstnud/0895 1 0.001878976821899414 36 9 1 0.2941708564758301 1 0.7821924686431885
dataset/cstnud/0896 1 0.0017788410186767578 30 9 1 0.5799276828765869 1 15.920553922653198
dataset/cstnud/0897 1 0.0017490386962890625 24 9 1 0.5726966857910156 1 6.228549242019653
dataset/cstnud/0898 1 0.0018570423126220703 30 9 1 0.5649435520172119 1 1.8117790222167969
dataset/cstnud/0899 1 0.0025103092193603516 36 9 1 0.5744836330413818 1 4.351078987121582
dataset/cstnud/0900 1 0.001798868179321289 30 9 1 0.30107879638671875 1 1.4104185104370117
dataset/cstnud/0901 1 0.0016696453094482422 24 9 1 0.5791430473327637 1 4.035704135894775
dataset/cstnud/0902 1 0.0016636848449707031 24 7 1 0.29916858673095703 1 0.38228917121887207
dataset/cstnud/0903 1 0.0016775131225585938 24 7 1 0.2863006591796875 1 0.4122583866119385
dataset/cstnud/0904 1 0.001615285873413086 24 9 1 0.28671979904174805 1 0.9906837940216064
dataset/cstnud/0905 1 0.0017406940460205078 30 9 1 0.27971529960632324 1 1.4568607807159424
dataset/cstnud/0906 1 0.0018610954284667969 36 9 1 0.564845085144043 1 1.7234623432159424
dataset/cstnud/0907 1 0.0017070770263671875 30 9 1 0.577481746673584 1 3.7873244285583496
dataset/cstnud/0908 1 0.0018069744110107422 30 11 1 0.5827350616455078 1 3.1198272705078125
dataset/cstnud/0909 1 0.0025174617767333984 18 9 1 0.5722947120666504 1 4.26977014541626
dataset/cstnud/0910 1 0.0025091171264648438 30 7 1 0.28801512718200684 1 0.7732946872711182
dataset/cstnud/0911 1 0.00188446044921875 36 9 1 0.28903841972351074 1 1.5645172595977783
dataset/cstnud/0912 1 0.0018723011016845703 36 9 1 0.5685238838195801 1 10.392919063568115
dataset/cstnud/0913 1 0.001993894577026367 36 9 1 0.5771734714508057 1 1.7662456035614014
dataset/cstnud/0914 1 0.0019500255584716797 36 9 1 0.5749311447143555 1 9.737884759902954
dataset/cstnud/0915 1 0.0018253326416015625 36 9 1 0.2937197685241699 1 1.876291275024414
dataset/cstnud/0916 1 0.0027008056640625 30 9 1 0.5761168003082275 1 3.242685079574585
dataset/cstnud/0917 1 0.0019941329956054688 36 9 1 0.5855998992919922 1 1.323164701461792
dataset/cstnud/0918 1 0.0017189979553222656 30 7 1 0.29007744789123535 1 0.46957826614379883
dataset/cstnud/0919 1 0.0017230510711669922 24 11 1 0.2900357246398926 1 2.147975444793701
dataset/cstnud/0920 1 0.0016002655029296875 18 9 1 0.5891094207763672 1 0.8035881519317627
dataset/cstnud/0921 1 0.0018534660339355469 36 9 1 0.2772409915924072 1 0.9667055606842041
dataset/cstnud/0922 1 0.0017485618591308594 24 9 1 0.29012179374694824 1 1.131545066833496
dataset/cstnud/0923 1 0.0018739700317382812 36 9 1 0.5841646194458008 1 2.85089373588562
dataset/cstnud/0924 1 0.0017113685607910156 30 9 1 0.29380345344543457 1 1.408388376235962
dataset/cstnud/0925 1 0.0017876625061035156 36 9 1 0.5674407482147217 1 2.5853431224823
dataset/cstnud/0926 1 0.0017778873443603516 36 9 1 0.5763790607452393 1 2.5935239791870117
dataset/cstnud/0927 1 0.001798868179321289 36 9 1 0.2873971462249756 1 0.7648065090179443
dataset/cstnud/0928 1 0.0015540122985839844 24 7 1 0.5783154964447021 1 0.7333102226257324
dataset/cstnud/0929 1 0.002530336380004883 24 7 1 0.2798283100128174 1 0.5278627872467041
dataset/cstnud/0930 1 0.0017366409301757812 36 9 1 0.5899503231048584 1 1.6087238788604736
dataset/cstnud/0931 1 0.001695394515991211 30 7 1 0.29075074195861816 1 0.4586806297302246
dataset/cstnud/0932 1 0.0026924610137939453 36 9 1 0.2756030559539795 1 0.7395777702331543
dataset/cstnud/0933 1 0.001753091812133789 30 7 1 0.3053452968597412 1 0.5916690826416016
dataset/cstnud/0934 1 0.0018658638000488281 36 9 1 0.29247426986694336 1 1.6138989925384521
dataset/cstnud/0935 1 0.0016646385192871094 24 9 1 0.2867007255554199 1 0.4791421890258789
dataset/cstnud/0936 1 0.0019121170043945312 36 9 1 0.5584444999694824 1 1.5451500415802002
dataset/cstnud/0937 1 0.0018405914306640625 36 9 1 0.28660154342651367 1 3.860142469406128
dataset/cstnud/0938 1 0.0017783641815185547 36 9 1 0.29639720916748047 1 1.2902719974517822
dataset/cstnud/0939 1 0.0017821788787841797 30 9 1 0.5633144378662109 1 1.0578138828277588
dataset/cstnud/0940 1 0.0018520355224609375 36 9 1 0.5818543434143066 1 2.4806299209594727
dataset/cstnud/0941 1 0.0015933513641357422 24 9 1 0.5793282985687256 1 9.521441221237183
dataset/cstnud/0942 1 0.0017731189727783203 36 9 1 0.2938528060913086 1 0.8046789169311523
dataset/cstnud/0943 1 0.002997159957885742 36 9 1 0.5864472389221191 1 2.8847057819366455
dataset/cstnud/0944 1 0.0017938613891601562 30 9 1 0.587226152420044 1 1.4396491050720215
dataset/cstnud/0945 1 0.0017704963684082031 30 9 1 0.5714926719665527 1 8.170686483383179
dataset/cstnud/0946 1 0.001861572265625 36 11 1 0.5850410461425781 1 15.829558610916138
dataset/cstnud/0947 1 0.0019347667694091797 36 9 1 0.5764162540435791 1 2.8454957008361816
dataset/cstnud/0948 1 0.001837015151977539 36 9 1 0.5867547988891602 1 6.491534948348999
dataset/cstnud/0949 1 0.0018565654754638672 36 9 1 0.5808300971984863 1 7.679230213165283
dataset/cstnud/0950 1 0.002805471420288086 36 9 1 0.5919663906097412 1 2.4689812660217285
dataset/cstnud/0951 1 0.0019145011901855469 30 9 1 0.5860428810119629 1 1.4548659324645996
dataset/cstnud/0952 1 0.0015385150909423828 18 7 1 0.2854878902435303 1 0.35968732833862305
dataset/cstnud/0953 1 0.0016379356384277344 18 11 1 0.2947514057159424 1 1.1471014022827148
dataset/cstnud/0954 1 0.001802206039428711 36 9 1 0.2909088134765625 1 0.612734317779541
dataset/cstnud/0955 1 0.0016713142395019531 24 9 1 0.2915914058685303 1 1.7014219760894775
dataset/cstnud/0956 1 0.0018944740295410156 36 9 1 0.5761914253234863 1 1.4346160888671875
dataset/cstnud/0957 1 0.0019006729125976562 36 9 1 0.5932190418243408 1 0.8187272548675537
dataset/cstnud/0958 1 0.0016314983367919922 18 7 1 0.28376007080078125 1 0.5325286388397217
dataset/cstnud/0959 1 0.0018534660339355469 36 9 1 0.5813901424407959 1 7.262599229812622
dataset/cstnud/0960 1 0.001928091049194336 36 9 1 0.5781869888305664 1 1.1300196647644043
dataset/cstnud/0961 1 0.0017287731170654297 30 9 1 0.2914412021636963 1 1.163151741027832
dataset/cstnud/0962 1 0.0015795230865478516 18 7 1 0.29103660583496094 1 0.6995270252227783
dataset/cstnud/0963 1 0.0019428730010986328 36 9 1 0.29599666595458984 1 3.2553436756134033
dataset/cstnud/0964 1 0.001672506332397461 24 9 1 0.5676953792572021 1 1.2337839603424072
dataset/cstnud/0965 1 0.0016984939575195312 24 9 1 0.2786674499511719 1 0.5013763904571533
dataset/cstnud/0966 1 0.0025038719177246094 18 7 1 0.2819359302520752 1 0.4051706790924072
dataset/cstnud/0967 1 0.0016324520111083984 24 7 1 0.5648477077484131 1 0.6854100227355957
dataset/cstnud/0968 1 0.001852273941040039 36 9 1 0.2857077121734619 1 1.3919191360473633
dataset/cstnud/0969 1 0.0029380321502685547 36 9 1 0.2882564067840576 1 3.792011260986328
dataset/cstnud/0970 1 0.0017473697662353516 30 9 1 0.3002784252166748 1 0.8162529468536377
dataset/cstnud/0971 1 0.001802206039428711 36 9 1 0.28870558738708496 1 2.2950940132141113
dataset/cstnud/0972 1 0.0016455650329589844 24 9 1 0.2856788635253906 1 0.8903162479400635
dataset/cstnud/0973 1 0.0017175674438476562 30 9 1 0.5772335529327393 1 1.1506035327911377
dataset/cstnud/0974 1 0.0017480850219726562 36 9 1 0.585115909576416 1 2.0670878887176514
dataset/cstnud/0975 1 0.0017347335815429688 30 9 1 0.5752012729644775 1 2.4327988624572754
dataset/cstnud/0976 1 0.0018150806427001953 36 9 1 0.5742900371551514 1 12.569302558898926
dataset/cstnud/0977 1 0.0017757415771484375 30 9 1 0.5708332061767578 1 2.1608803272247314
dataset/cstnud/0978 1 0.0017786026000976562 36 9 1 0.5774271488189697 1 2.6147022247314453
dataset/cstnud/0979 1 0.00174713134765625 30 7 1 0.5761477947235107 1 0.5496699810028076
dataset/cstnud/0980 1 0.001840353012084961 36 9 1 0.2830238342285156 1 0.853651762008667
dataset/cstnud/0981 1 0.0017285346984863281 24 7 1 0.5677218437194824 1 0.6166963577270508
dataset/cstnud/0982 1 0.0018444061279296875 36 9 1 0.30487966537475586 1 1.0498921871185303
dataset/cstnud/0983 1 0.0018215179443359375 30 9 1 0.599764347076416 1 20.041577577590942
dataset/cstnud/0984 1 0.0015838146209716797 18 9 1 0.2875339984893799 1 1.0793352127075195
dataset/cstnud/0985 1 0.0017638206481933594 36 9 1 0.5812304019927979 1 5.434624433517456
dataset/cstnud/0986 1 0.0018296241760253906 36 7 1 0.29034852981567383 1 0.7004175186157227
dataset/cstnud/0987 1 0.0015883445739746094 18 9 1 0.6003637313842773 1 0.7453563213348389
dataset/cstnud/0988 1 0.0017588138580322266 36 9 1 0.5692088603973389 1 1.388735055923462
dataset/cstnud/0989 1 0.0016574859619140625 18 11 1 0.5710382461547852 1 1.039332628250122
dataset/cstnud/0990 1 0.001718759536743164 30 9 1 0.5963084697723389 1 12.885517835617065
dataset/cstnud/0991 1 0.001703023910522461 24 9 1 0.287400484085083 1 0.6056008338928223
dataset/cstnud/0992 1 0.0017209053039550781 30 9 1 0.577279806137085 1 5.149659633636475
dataset/cstnud/0993 1 0.0014798641204833984 24 5 1 0.2695016860961914 1 0.3050038814544678
dataset/cstnud/0994 1 0.001852273941040039 36 9 1 0.5787312984466553 1 5.417345762252808
dataset/cstnud/0995 1 0.0017709732055664062 36 9 1 0.2934708595275879 1 2.5515859127044678
dataset/cstnud/0996 1 0.001748800277709961 30 9 1 0.589470386505127 1 0.859734058380127
dataset/cstnud/0997 1 0.0015366077423095703 18 7 1 0.29326581954956055 1 0.796436071395874
dataset/cstnud/0998 1 0.0017631053924560547 30 9 1 0.585651159286499 1 1.7267508506774902
dataset/cstnud/0999 1 0.0018146038055419922 30 9 1 0.5668411254882812 1 1.3196477890014648
dataset/cstnud/1000 1 0.0017952919006347656 30 9 1 0.2827873229980469 1 0.6917941570281982
