dataset/cstnu/0001 1 0.0017168521881103516 30 9 1 0.5560650825500488 1 0.5906529426574707
dataset/cstnu/0002 1 0.0017712116241455078 30 9 1 0.5880446434020996 1 0.5898585319519043
dataset/cstnu/0003 1 0.0016374588012695312 24 9 1 0.2747769355773926 1 0.3947112560272217
dataset/cstnu/0004 1 0.001802206039428711 36 9 1 0.5719907283782959 1 0.6311657428741455
dataset/cstnu/0005 1 0.0017638206481933594 36 9 1 0.5609102249145508 1 0.575049877166748
dataset/cstnu/0006 1 0.0016913414001464844 30 9 1 0.5698971748352051 1 0.5144205093383789
dataset/cstnu/0007 1 0.001561880111694336 18 7 1 0.28296446800231934 1 0.31006789207458496
dataset/cstnu/0008 1 0.0016760826110839844 18 7 1 0.5513370037078857 1 0.3672361373901367
dataset/cstnu/0009 1 0.001695394515991211 30 7 1 0.287487268447876 1 0.29349374771118164
dataset/cstnu/0010 1 0.0017426013946533203 36 9 1 0.5651252269744873 1 0.5882401466369629
dataset/cstnu/0011 1 0.001753091812133789 36 9 1 0.29000401496887207 1 0.39719271659851074
dataset/cstnu/0012 1 0.0019097328186035156 30 9 1 0.2834300994873047 1 0.3948667049407959
dataset/cstnu/0013 1 0.0018072128295898438 30 9 1 0.28581738471984863 1 0.4416046142578125
dataset/cstnu/0014 1 0.0017952919006347656 36 9 1 0.5586822032928467 1 0.6000363826751709
dataset/cstnu/0015 1 0.0019116401672363281 36 9 1 0.5720138549804688 1 0.9131083488464355
dataset/cstnu/0016 1 0.0017957687377929688 36 9 1 0.5648417472839355 1 0.7002530097961426
dataset/cstnu/0017 1 0.0016469955444335938 30 9 1 0.575340986251831 1 0.5610389709472656
dataset/cstnu/0018 1 0.001642465591430664 24 9 1 0.2799499034881592 1 0.3947274684906006
dataset/cstnu/0019 1 0.0018415451049804688 36 9 1 0.5623600482940674 1 0.6572442054748535
dataset/cstnu/0020 1 0.0016613006591796875 30 9 1 0.5797650814056396 1 0.5997962951660156
dataset/cstnu/0021 1 0.0017957687377929688 30 9 1 0.5710270404815674 1 0.7534115314483643
dataset/cstnu/0022 1 0.001501321792602539 18 9 1 0.28131914138793945 1 0.6115176677703857
dataset/cstnu/0023 1 0.0017158985137939453 30 9 1 0.5859501361846924 1 0.7434847354888916
dataset/cstnu/0024 1 0.0018563270568847656 36 9 1 0.5812864303588867 1 0.705852746963501
dataset/cstnu/0025 1 0.0017256736755371094 30 9 1 0.5602753162384033 1 0.7127439975738525
dataset/cstnu/0026 1 0.0018222332000732422 30 9 1 0.5605132579803467 1 0.6436967849731445
dataset/cstnu/0027 1 0.0017392635345458984 30 9 1 0.2797091007232666 1 0.42841529846191406
dataset/cstnu/0028 1 0.001850128173828125 36 9 1 0.28405022621154785 1 0.47605037689208984
dataset/cstnu/0029 1 0.0016872882843017578 24 9 1 0.5839321613311768 1 0.6485474109649658
dataset/cstnu/0030 1 0.0017549991607666016 36 9 1 0.5685441493988037 1 0.5826044082641602
dataset/cstnu/0031 1 0.0015964508056640625 18 9 1 0.2877635955810547 1 0.38681745529174805
dataset/cstnu/0032 1 0.0017964839935302734 36 9 1 0.5672366619110107 1 0.5912251472473145
dataset/cstnu/0033 1 0.0017273426055908203 30 9 1 0.5685663223266602 1 0.5626747608184814
dataset/cstnu/0034 1 0.0025949478149414062 30 9 1 0.5872135162353516 1 0.6483545303344727
dataset/cstnu/0035 1 0.0016624927520751953 24 9 1 0.5698587894439697 1 0.6561920642852783
dataset/cstnu/0036 1 0.0018188953399658203 36 9 1 0.2824397087097168 1 0.39356374740600586
dataset/cstnu/0037 1 0.0017147064208984375 30 9 1 0.3012425899505615 1 0.38761258125305176
dataset/cstnu/0038 1 0.0016224384307861328 24 9 1 0.5948972702026367 1 0.5948085784912109
dataset/cstnu/0039 1 0.001771688461303711 30 9 1 0.28179264068603516 1 0.3501091003417969
dataset/cstnu/0040 1 0.0017445087432861328 36 9 1 0.5840592384338379 1 0.6534295082092285
dataset/cstnu/0041 1 0.00269317626953125 36 9 1 0.2929832935333252 1 0.38805675506591797
dataset/cstnu/0042 1 0.001569986343383789 18 7 1 0.2772364616394043 1 0.30579066276550293
dataset/cstnu/0043 1 0.001710653305053711 30 9 1 0.5650925636291504 1 0.6246435642242432
dataset/cstnu/0044 1 0.0016932487487792969 24 9 1 0.5716559886932373 1 0.5569298267364502
dataset/cstnu/0045 1 0.0017786026000976562 36 9 1 0.5492007732391357 1 0.5860323905944824
dataset/cstnu/0046 1 0.0016465187072753906 18 7 1 0.2914614677429199 1 0.26254796981811523
dataset/cstnu/0047 1 0.001706838607788086 24 9 1 0.5652227401733398 1 0.6607322692871094
dataset/cstnu/0048 1 0.002494335174560547 30 7 1 0.28240036964416504 1 0.32988429069519043
dataset/cstnu/0049 1 0.0016410350799560547 24 9 1 0.2802901268005371 1 0.36742615699768066
dataset/cstnu/0050 1 0.0017840862274169922 36 9 1 0.5711929798126221 1 1.386000633239746
dataset/cstnu/0051 1 0.0017573833465576172 36 9 1 0.5705008506774902 1 0.47780680656433105
dataset/cstnu/0052 1 0.0016732215881347656 30 9 1 0.5731916427612305 1 0.8498260974884033
dataset/cstnu/0053 1 0.0017910003662109375 36 9 1 0.5656781196594238 1 0.5679807662963867
dataset/cstnu/0054 1 0.0017514228820800781 36 9 1 0.5601284503936768 1 0.7641336917877197
dataset/cstnu/0055 1 0.0018014907836914062 36 9 1 0.5656611919403076 1 0.9671604633331299
dataset/cstnu/0056 1 0.001730203628540039 30 9 1 0.2810516357421875 1 0.37208104133605957
dataset/cstnu/0057 1 0.0016286373138427734 24 9 1 0.560847282409668 1 0.5013163089752197
dataset/cstnu/0058 1 0.001711130142211914 30 9 1 0.5690321922302246 1 0.7024500370025635
dataset/cstnu/0059 1 0.0017364025115966797 36 9 1 0.5762832164764404 1 0.5945479869842529
dataset/cstnu/0060 1 0.0016026496887207031 18 7 1 0.2683119773864746 1 0.29152703285217285
dataset/cstnu/0061 1 0.0017390251159667969 30 11 1 0.5648636817932129 1 0.5992069244384766
dataset/cstnu/0062 1 0.0018079280853271484 36 9 1 0.550316572189331 1 0.5674641132354736
dataset/cstnu/0063 1 0.0017647743225097656 36 9 1 0.563225507736206 1 0.7002065181732178
dataset/cstnu/0064 1 0.0017588138580322266 30 9 1 0.27995753288269043 1 0.4038090705871582
dataset/cstnu/0065 1 0.0017397403717041016 30 9 1 0.2848236560821533 1 0.44714999198913574
dataset/cstnu/0066 1 0.001699686050415039 30 9 1 0.2884867191314697 1 0.3489243984222412
dataset/cstnu/0067 1 0.0017902851104736328 36 9 1 0.5806453227996826 1 0.8907546997070312
dataset/cstnu/0068 1 0.0015718936920166016 24 9 1 0.5648713111877441 1 0.5407187938690186
dataset/cstnu/0069 1 0.0017209053039550781 24 9 1 0.5952107906341553 1 0.4923117160797119
dataset/cstnu/0070 1 0.001546621322631836 18 7 1 0.2987663745880127 1 0.346050500869751
dataset/cstnu/0071 1 0.001728057861328125 36 9 1 0.5678784847259521 1 0.6279220581054688
dataset/cstnu/0072 1 0.0015964508056640625 24 7 1 0.26402831077575684 1 0.34137606620788574
dataset/cstnu/0073 1 0.00159454345703125 24 9 1 0.580345630645752 1 0.715919017791748
dataset/cstnu/0074 1 0.001775979995727539 36 9 1 0.2736070156097412 1 0.3719594478607178
dataset/cstnu/0075 1 0.0017070770263671875 24 9 1 0.28150105476379395 1 0.3671417236328125
dataset/cstnu/0076 1 0.001737833023071289 36 9 1 0.28969883918762207 1 0.3855400085449219
dataset/cstnu/0077 1 0.0017518997192382812 36 9 1 0.5612964630126953 1 0.7619915008544922
dataset/cstnu/0078 1 0.0018820762634277344 30 9 1 0.577786922454834 1 0.5152509212493896
dataset/cstnu/0079 1 0.0016205310821533203 24 9 1 0.565363883972168 1 0.6159515380859375
dataset/cstnu/0080 1 0.0016970634460449219 24 7 1 0.5576748847961426 1 0.4271097183227539
dataset/cstnu/0081 1 0.0028061866760253906 36 7 1 0.27419137954711914 1 0.32460713386535645
dataset/cstnu/0082 1 0.0017910003662109375 36 9 1 0.5690033435821533 1 0.7513282299041748
dataset/cstnu/0083 1 0.0017673969268798828 24 7 1 0.5457041263580322 1 0.44389820098876953
dataset/cstnu/0084 1 0.001604318618774414 24 7 1 0.2943899631500244 1 0.29532909393310547
dataset/cstnu/0085 1 0.001661062240600586 24 9 1 0.2821462154388428 1 0.4513356685638428
dataset/cstnu/0086 1 0.0017583370208740234 36 9 1 0.5830364227294922 1 0.6010520458221436
dataset/cstnu/0087 1 0.001605987548828125 24 9 1 0.5671639442443848 1 0.9048776626586914
dataset/cstnu/0088 1 0.001623392105102539 24 9 1 0.28229665756225586 1 0.512850284576416
dataset/cstnu/0089 1 0.0017161369323730469 36 9 1 0.5742180347442627 1 0.5821852684020996
dataset/cstnu/0090 1 0.0015859603881835938 18 9 1 0.5753865242004395 1 0.6892518997192383
dataset/cstnu/0091 1 0.0015687942504882812 24 7 1 0.28733277320861816 1 0.30333447456359863
dataset/cstnu/0092 1 0.0018267631530761719 30 9 1 0.5597798824310303 1 0.6213583946228027
dataset/cstnu/0093 1 0.001520395278930664 18 9 1 0.28455495834350586 1 0.3695228099822998
dataset/cstnu/0094 1 0.0018253326416015625 36 9 1 0.565716028213501 1 0.5688543319702148
dataset/cstnu/0095 1 0.001882314682006836 36 9 1 0.5702967643737793 1 1.116067886352539
dataset/cstnu/0096 1 0.001596212387084961 24 7 1 0.5583865642547607 1 0.416424036026001
dataset/cstnu/0097 1 0.0018465518951416016 36 9 1 0.6152698993682861 1 0.5902717113494873
dataset/cstnu/0098 1 0.002794504165649414 24 9 1 0.2822906970977783 1 0.5658903121948242
dataset/cstnu/0099 1 0.0017900466918945312 36 7 1 0.5532717704772949 1 0.4362354278564453
dataset/cstnu/0100 1 0.0016891956329345703 36 7 1 0.2835049629211426 1 0.3191554546356201
dataset/cstnu/0101 1 0.001851797103881836 36 9 1 0.2832167148590088 1 0.45215940475463867
dataset/cstnu/0102 1 0.002610921859741211 36 9 1 0.5682563781738281 1 0.5696451663970947
dataset/cstnu/0103 1 0.0018224716186523438 36 9 1 0.5877323150634766 1 0.8481831550598145
dataset/cstnu/0104 1 0.001726388931274414 30 9 1 0.28934264183044434 1 0.4495251178741455
dataset/cstnu/0105 1 0.0017781257629394531 36 9 1 0.5519454479217529 1 0.616856575012207
dataset/cstnu/0106 1 0.001753091812133789 36 9 1 0.5675680637359619 1 0.5812399387359619
dataset/cstnu/0107 1 0.0016829967498779297 30 9 1 0.2889220714569092 1 0.37519145011901855
dataset/cstnu/0108 1 0.0016798973083496094 30 9 1 0.5532736778259277 1 0.6728017330169678
dataset/cstnu/0109 1 0.001687765121459961 24 11 1 0.5702593326568604 1 0.6079056262969971
dataset/cstnu/0110 1 0.0016243457794189453 24 9 1 0.5614619255065918 1 0.5447759628295898
dataset/cstnu/0111 1 0.0015854835510253906 18 7 1 0.5605456829071045 1 0.44640684127807617
dataset/cstnu/0112 1 0.0016849040985107422 24 9 1 0.5805115699768066 1 0.5405261516571045
dataset/cstnu/0113 1 0.0015916824340820312 18 9 1 0.2805335521697998 1 0.30956339836120605
dataset/cstnu/0114 1 0.0018320083618164062 36 9 1 0.2886343002319336 1 0.4968607425689697
dataset/cstnu/0115 1 0.0016505718231201172 24 9 1 0.28473877906799316 1 0.44672489166259766
dataset/cstnu/0116 1 0.0027341842651367188 36 9 1 0.5603809356689453 1 0.6642124652862549
dataset/cstnu/0117 1 0.0017650127410888672 36 7 1 0.5705955028533936 1 0.4472544193267822
dataset/cstnu/0118 1 0.001890420913696289 36 9 1 0.2820312976837158 1 0.49758267402648926
dataset/cstnu/0119 1 0.0017025470733642578 30 9 1 0.5651607513427734 1 0.5928943157196045
dataset/cstnu/0120 1 0.0019040107727050781 30 9 1 0.5627117156982422 1 0.6411094665527344
dataset/cstnu/0121 1 0.0014612674713134766 18 7 1 0.28432154655456543 1 0.2857682704925537
dataset/cstnu/0122 1 0.0016009807586669922 24 7 1 0.2789127826690674 1 0.3061699867248535
dataset/cstnu/0123 1 0.0017421245574951172 30 9 1 0.2837035655975342 1 0.4097602367401123
dataset/cstnu/0124 1 0.001680612564086914 36 7 1 0.28580188751220703 1 0.28485846519470215
dataset/cstnu/0125 1 0.0017635822296142578 24 9 1 0.28139662742614746 1 0.3504459857940674
dataset/cstnu/0126 1 0.0015404224395751953 18 7 1 0.27974390983581543 1 0.3071479797363281
dataset/cstnu/0127 1 0.0017213821411132812 30 9 1 0.5699365139007568 1 0.5639505386352539
dataset/cstnu/0128 1 0.0017592906951904297 30 9 1 0.5787074565887451 1 0.5907137393951416
dataset/cstnu/0129 1 0.0016818046569824219 18 9 1 0.5624535083770752 1 0.5352122783660889
dataset/cstnu/0130 1 0.0017497539520263672 36 9 1 0.5834310054779053 1 0.4327051639556885
dataset/cstnu/0131 1 0.0017826557159423828 30 9 1 0.28203463554382324 1 0.40566325187683105
dataset/cstnu/0132 1 0.001798868179321289 36 9 1 0.28056859970092773 1 0.34502553939819336
dataset/cstnu/0133 1 0.001691579818725586 30 9 1 0.5971152782440186 1 0.6521751880645752
dataset/cstnu/0134 1 0.002517223358154297 24 7 1 0.2840421199798584 1 0.3126566410064697
dataset/cstnu/0135 1 0.0018317699432373047 36 9 1 0.2967851161956787 1 0.41666626930236816
dataset/cstnu/0136 1 0.00165557861328125 30 9 1 0.2813432216644287 1 0.5426313877105713
dataset/cstnu/0137 1 0.0016901493072509766 30 9 1 0.286928653717041 1 0.4953427314758301
dataset/cstnu/0138 1 0.0017499923706054688 30 9 1 0.28276824951171875 1 0.4342334270477295
dataset/cstnu/0139 1 0.001567840576171875 24 9 1 0.5793697834014893 1 0.5831141471862793
dataset/cstnu/0140 1 0.0016639232635498047 24 9 1 0.5932707786560059 1 0.518749475479126
dataset/cstnu/0141 1 0.0017404556274414062 24 9 1 0.5639517307281494 1 0.7894680500030518
dataset/cstnu/0142 1 0.0016400814056396484 24 9 1 0.2795848846435547 1 0.32416319847106934
dataset/cstnu/0143 1 0.001894235610961914 36 9 1 0.5689384937286377 1 0.5722391605377197
dataset/cstnu/0144 1 0.001661062240600586 30 9 1 0.5966019630432129 1 0.5972332954406738
dataset/cstnu/0145 1 0.0016956329345703125 30 9 1 0.2833516597747803 1 0.4798095226287842
dataset/cstnu/0146 1 0.0017788410186767578 30 9 1 0.5672664642333984 1 0.6310980319976807
dataset/cstnu/0147 1 0.0018210411071777344 30 9 1 0.5870897769927979 1 0.5166337490081787
dataset/cstnu/0148 1 0.0017135143280029297 24 9 1 0.27710986137390137 1 0.3572101593017578
dataset/cstnu/0149 1 0.0016961097717285156 30 7 1 0.2754073143005371 1 0.3811664581298828
dataset/cstnu/0150 1 0.0017437934875488281 36 9 1 0.5649266242980957 1 0.8194985389709473
dataset/cstnu/0151 1 0.0015537738800048828 24 7 1 0.280214786529541 1 0.3378112316131592
dataset/cstnu/0152 1 0.002735137939453125 36 9 1 0.5640301704406738 1 0.6059212684631348
dataset/cstnu/0153 1 0.0017056465148925781 30 9 1 0.27750420570373535 1 0.44887351989746094
dataset/cstnu/0154 1 0.0016117095947265625 18 9 1 0.5693895816802979 1 1.142303466796875
dataset/cstnu/0155 1 0.0016834735870361328 24 7 1 0.28199338912963867 1 0.32654547691345215
dataset/cstnu/0156 1 0.0018579959869384766 36 9 1 0.5649871826171875 1 0.8373830318450928
dataset/cstnu/0157 1 0.001676797866821289 30 9 1 0.559345006942749 1 0.690723180770874
dataset/cstnu/0158 1 0.0016140937805175781 30 9 1 0.2889711856842041 1 0.46584081649780273
dataset/cstnu/0159 1 0.0016994476318359375 30 9 1 0.28246045112609863 1 0.44863176345825195
dataset/cstnu/0160 1 0.0016472339630126953 24 7 1 0.2950022220611572 1 0.33081579208374023
dataset/cstnu/0161 1 0.0016717910766601562 24 9 1 0.29138946533203125 1 0.3934156894683838
dataset/cstnu/0162 1 0.0015130043029785156 18 7 1 0.2821166515350342 1 0.2702169418334961
dataset/cstnu/0163 1 0.0017066001892089844 30 9 1 0.28388500213623047 1 0.44214797019958496
dataset/cstnu/0164 1 0.0017535686492919922 36 9 1 0.3015716075897217 1 0.3950791358947754
dataset/cstnu/0165 1 0.0015668869018554688 18 7 1 0.5748155117034912 1 0.3506157398223877
dataset/cstnu/0166 1 0.0018253326416015625 36 9 1 0.28262782096862793 1 0.477306604385376
dataset/cstnu/0167 1 0.0017385482788085938 36 9 1 0.5728979110717773 1 0.7719528675079346
dataset/cstnu/0168 1 0.0017273426055908203 36 9 1 0.29598212242126465 1 0.3503448963165283
dataset/cstnu/0169 1 0.0018191337585449219 30 9 1 0.5818636417388916 1 0.6619837284088135
dataset/cstnu/0170 1 0.0017991065979003906 36 9 1 0.5747549533843994 1 0.5114748477935791
dataset/cstnu/0171 1 0.0018014907836914062 36 9 1 0.569821834564209 1 0.6231694221496582
dataset/cstnu/0172 1 0.0016827583312988281 24 9 1 0.5645499229431152 1 0.9544975757598877
dataset/cstnu/0173 1 0.0017371177673339844 30 9 1 0.5671815872192383 1 0.753624677658081
dataset/cstnu/0174 1 0.0017199516296386719 30 9 1 0.5655848979949951 1 0.5364220142364502
dataset/cstnu/0175 1 0.0017518997192382812 36 9 1 0.5615694522857666 1 0.7885217666625977
dataset/cstnu/0176 1 0.0018079280853271484 36 7 1 0.27613306045532227 1 0.32614946365356445
dataset/cstnu/0177 1 0.0017724037170410156 36 9 1 0.2831435203552246 1 0.5016751289367676
dataset/cstnu/0178 1 0.0017158985137939453 24 7 1 0.5684719085693359 1 0.4472939968109131
dataset/cstnu/0179 1 0.0016481876373291016 30 7 1 0.28171491622924805 1 0.32309627532958984
dataset/cstnu/0180 1 0.0016324520111083984 30 7 1 0.2884252071380615 1 0.31267857551574707
dataset/cstnu/0181 1 0.0016703605651855469 30 9 1 0.28453922271728516 1 0.44762468338012695
dataset/cstnu/0182 1 0.001798868179321289 30 11 1 0.5672957897186279 1 0.6513543128967285
dataset/cstnu/0183 1 0.0022950172424316406 18 7 1 0.27942919731140137 1 0.3016653060913086
dataset/cstnu/0184 1 0.0015022754669189453 18 7 1 0.5700786113739014 1 0.39741039276123047
dataset/cstnu/0185 1 0.0016295909881591797 18 9 1 0.28160953521728516 1 0.34497642517089844
dataset/cstnu/0186 1 0.0018157958984375 36 9 1 0.5850813388824463 1 0.713442325592041
dataset/cstnu/0187 1 0.0016303062438964844 24 9 1 0.2834799289703369 1 0.4245634078979492
dataset/cstnu/0188 1 0.001739501953125 30 9 1 0.572629451751709 1 0.7154767513275146
dataset/cstnu/0189 1 0.0015902519226074219 18 9 1 0.5572769641876221 1 0.5069341659545898
dataset/cstnu/0190 1 0.0015878677368164062 18 9 1 0.2837510108947754 1 0.43030571937561035
dataset/cstnu/0191 1 0.0019466876983642578 36 9 1 0.5857956409454346 1 0.7370662689208984
dataset/cstnu/0192 1 0.0015642642974853516 18 9 1 0.5688397884368896 1 0.49556446075439453
dataset/cstnu/0193 1 0.0017495155334472656 36 9 1 0.28487682342529297 1 0.45374631881713867
dataset/cstnu/0194 1 0.0017588138580322266 36 9 1 0.5679872035980225 1 0.6936197280883789
dataset/cstnu/0195 1 0.0017576217651367188 36 9 1 0.5684187412261963 1 0.6886775493621826
dataset/cstnu/0196 1 0.0016868114471435547 30 9 1 0.2733759880065918 1 0.450394868850708
dataset/cstnu/0197 1 0.0017850399017333984 36 9 1 0.5918469429016113 1 0.7794256210327148
dataset/cstnu/0198 1 0.001535177230834961 18 7 1 0.28372788429260254 1 0.2940025329589844
dataset/cstnu/0199 1 0.0016863346099853516 30 9 1 0.5672032833099365 1 0.7398617267608643
dataset/cstnu/0200 1 0.0017995834350585938 36 9 1 0.561779260635376 1 0.5131399631500244
dataset/cstnu/0201 1 0.0016455650329589844 24 9 1 0.5795888900756836 1 0.5469515323638916
dataset/cstnu/0202 1 0.001821279525756836 36 9 1 0.5966386795043945 1 0.6545414924621582
dataset/cstnu/0203 1 0.0016460418701171875 24 9 1 0.5690326690673828 1 0.5009212493896484
dataset/cstnu/0204 1 0.0017194747924804688 30 9 1 0.5686142444610596 1 0.5518090724945068
dataset/cstnu/0205 1 0.0018582344055175781 36 9 1 0.5647146701812744 1 0.6730458736419678
dataset/cstnu/0206 1 0.001737833023071289 30 9 1 0.5954911708831787 1 0.6413860321044922
dataset/cstnu/0207 1 0.001813650131225586 36 9 1 0.28379225730895996 1 0.49007368087768555
dataset/cstnu/0208 1 0.0018031597137451172 36 7 1 0.5617513656616211 1 0.46730470657348633
dataset/cstnu/0209 1 0.001741170883178711 30 9 1 0.2898552417755127 1 0.4736020565032959
dataset/cstnu/0210 1 0.0014760494232177734 18 9 1 0.5823931694030762 1 0.6487195491790771
dataset/cstnu/0211 1 0.0016884803771972656 24 11 1 0.589409589767456 1 0.564180850982666
dataset/cstnu/0212 1 0.0017747879028320312 24 9 1 0.2764155864715576 1 0.501584529876709
dataset/cstnu/0213 1 0.002562999725341797 30 9 1 0.5616803169250488 1 0.8291418552398682
dataset/cstnu/0214 1 0.0017752647399902344 36 7 1 0.27908754348754883 1 0.280925989151001
dataset/cstnu/0215 1 0.001809835433959961 36 9 1 0.5810368061065674 1 0.7854418754577637
dataset/cstnu/0216 1 0.0016629695892333984 30 9 1 0.28704404830932617 1 0.45528507232666016
dataset/cstnu/0217 1 0.0016512870788574219 30 9 1 0.2841987609863281 1 0.44872570037841797
dataset/cstnu/0218 1 0.0016438961029052734 24 9 1 0.5758154392242432 1 0.6970901489257812
dataset/cstnu/0219 1 0.0020003318786621094 36 9 1 0.5768969058990479 1 0.7776455879211426
dataset/cstnu/0220 1 0.001636505126953125 24 9 1 0.28534960746765137 1 0.29195570945739746
dataset/cstnu/0221 1 0.0018112659454345703 36 9 1 0.5673105716705322 1 0.5871028900146484
dataset/cstnu/0222 1 0.0019054412841796875 36 7 1 0.5624499320983887 1 0.4326307773590088
dataset/cstnu/0223 1 0.002709627151489258 30 9 1 0.5734014511108398 1 0.5208361148834229
dataset/cstnu/0224 1 0.001676321029663086 24 9 1 0.2796647548675537 1 0.3767111301422119
dataset/cstnu/0225 1 0.0017514228820800781 30 9 1 0.5715842247009277 1 0.9068408012390137
dataset/cstnu/0226 1 0.0018329620361328125 36 9 1 0.5847465991973877 1 0.6523277759552002
dataset/cstnu/0227 1 0.0015916824340820312 24 9 1 0.5606966018676758 1 0.49940919876098633
dataset/cstnu/0228 1 0.0017774105072021484 36 9 1 0.27210235595703125 1 0.443218469619751
dataset/cstnu/0229 1 0.0016574859619140625 24 9 1 0.2830653190612793 1 0.49504590034484863
dataset/cstnu/0230 1 0.0018329620361328125 36 9 1 0.5650186538696289 1 0.8626165390014648
dataset/cstnu/0231 1 0.00177764892578125 36 9 1 0.28513073921203613 1 0.4200148582458496
dataset/cstnu/0232 1 0.0015616416931152344 24 7 1 0.2790415287017822 1 0.2758958339691162
dataset/cstnu/0233 1 0.0018029212951660156 30 9 1 0.5746910572052002 1 0.544586181640625
dataset/cstnu/0234 1 0.0017387866973876953 30 9 1 0.29523658752441406 1 0.3931400775909424
dataset/cstnu/0235 1 0.0016522407531738281 24 7 1 0.5603413581848145 1 0.36095595359802246
dataset/cstnu/0236 1 0.0017557144165039062 30 9 1 0.28668880462646484 1 0.3860187530517578
dataset/cstnu/0237 1 0.002711057662963867 36 9 1 0.578305721282959 1 0.7525112628936768
dataset/cstnu/0238 1 0.0016977787017822266 36 7 1 0.281588077545166 1 0.2795999050140381
dataset/cstnu/0239 1 0.0018875598907470703 36 9 1 0.5598092079162598 1 0.4914979934692383
dataset/cstnu/0240 1 0.0017495155334472656 36 9 1 0.28037357330322266 1 0.4632539749145508
dataset/cstnu/0241 1 0.0017473697662353516 30 9 1 0.5885851383209229 1 0.5812296867370605
dataset/cstnu/0242 1 0.001665353775024414 30 9 1 0.28557515144348145 1 0.3546469211578369
dataset/cstnu/0243 1 0.0015873908996582031 18 9 1 0.28865838050842285 1 0.444810152053833
dataset/cstnu/0244 1 0.0018227100372314453 24 9 1 0.28073692321777344 1 0.44467711448669434
dataset/cstnu/0245 1 0.0017337799072265625 36 9 1 0.5629417896270752 1 0.6387667655944824
dataset/cstnu/0246 1 0.0018434524536132812 36 7 1 0.2822694778442383 1 0.30616211891174316
dataset/cstnu/0247 1 0.0018665790557861328 36 9 1 0.561375617980957 1 0.6503019332885742
dataset/cstnu/0248 1 0.0018076896667480469 30 9 1 0.28649449348449707 1 0.4418368339538574
dataset/cstnu/0249 1 0.0018706321716308594 36 9 1 0.5601575374603271 1 0.5653862953186035
dataset/cstnu/0250 1 0.002248048782348633 30 9 1 0.5497453212738037 1 0.5646286010742188
dataset/cstnu/0251 1 0.0017664432525634766 30 9 1 0.5683677196502686 1 0.4713728427886963
dataset/cstnu/0252 1 0.0015857219696044922 18 7 1 0.5656116008758545 1 0.47530412673950195
dataset/cstnu/0253 1 0.0014545917510986328 18 7 1 0.2857668399810791 1 0.31472086906433105
dataset/cstnu/0254 1 0.0014581680297851562 18 7 1 0.5527989864349365 1 0.38820457458496094
dataset/cstnu/0255 1 0.0016450881958007812 24 9 1 0.5611498355865479 1 0.5489888191223145
dataset/cstnu/0256 1 0.00167083740234375 24 9 1 0.5700476169586182 1 0.478832483291626
dataset/cstnu/0257 1 0.0017681121826171875 30 9 1 0.28901052474975586 1 0.36840295791625977
dataset/cstnu/0258 1 0.0018041133880615234 36 9 1 0.5726480484008789 1 0.8020703792572021
dataset/cstnu/0259 1 0.001598358154296875 18 9 1 0.2811603546142578 1 0.37437868118286133
dataset/cstnu/0260 1 0.001786947250366211 36 9 1 0.5625641345977783 1 0.642554521560669
dataset/cstnu/0261 1 0.0015516281127929688 18 9 1 0.5600297451019287 1 0.5177810192108154
dataset/cstnu/0262 1 0.0017638206481933594 30 9 1 0.5696182250976562 1 0.5798356533050537
dataset/cstnu/0263 1 0.0017447471618652344 30 9 1 0.5612587928771973 1 0.5976707935333252
dataset/cstnu/0264 1 0.0017926692962646484 36 9 1 0.5680058002471924 1 0.58162522315979
dataset/cstnu/0265 1 0.0016918182373046875 24 9 1 0.28911375999450684 1 0.3327655792236328
dataset/cstnu/0266 1 0.0014870166778564453 18 7 1 0.2782890796661377 1 0.3080174922943115
dataset/cstnu/0267 1 0.0014700889587402344 18 7 1 0.2799675464630127 1 0.27946043014526367
dataset/cstnu/0268 1 0.0018107891082763672 36 9 1 0.5713462829589844 1 0.8820044994354248
dataset/cstnu/0269 1 0.0016841888427734375 24 9 1 0.28151369094848633 1 0.30991196632385254
dataset/cstnu/0270 1 0.0017931461334228516 36 9 1 0.5669689178466797 1 0.507483959197998
dataset/cstnu/0271 1 0.0018053054809570312 36 9 1 0.2855393886566162 1 0.5217881202697754
dataset/cstnu/0272 1 0.001748800277709961 30 9 1 0.5905139446258545 1 0.4804072380065918
dataset/cstnu/0273 1 0.0016300678253173828 24 9 1 0.2861359119415283 1 0.37215518951416016
dataset/cstnu/0274 1 0.0017459392547607422 36 9 1 0.292466402053833 1 0.3447549343109131
dataset/cstnu/0275 1 0.0019435882568359375 36 9 1 0.5669403076171875 1 0.6543862819671631
dataset/cstnu/0276 1 0.0018684864044189453 36 9 1 0.28055810928344727 1 0.4770514965057373
dataset/cstnu/0277 1 0.0018908977508544922 36 9 1 0.5686776638031006 1 0.8255999088287354
dataset/cstnu/0278 1 0.0018551349639892578 30 9 1 0.5674726963043213 1 0.5201742649078369
dataset/cstnu/0279 1 0.001544952392578125 18 9 1 0.2883889675140381 1 0.379061222076416
dataset/cstnu/0280 1 0.001676321029663086 30 9 1 0.29256153106689453 1 0.39078640937805176
dataset/cstnu/0281 1 0.0017323493957519531 36 7 1 0.5844361782073975 1 0.4326753616333008
dataset/cstnu/0282 1 0.0016193389892578125 24 9 1 0.2827444076538086 1 0.33820581436157227
dataset/cstnu/0283 1 0.001844644546508789 36 9 1 0.5654370784759521 1 0.7728383541107178
dataset/cstnu/0284 1 0.0017933845520019531 36 7 1 0.5601472854614258 1 0.5119843482971191
dataset/cstnu/0285 1 0.0027971267700195312 36 9 1 0.563185453414917 1 0.5595464706420898
dataset/cstnu/0286 1 0.001729726791381836 30 9 1 0.294360876083374 1 0.4942891597747803
dataset/cstnu/0287 1 0.0018324851989746094 30 9 1 0.28319525718688965 1 0.3236563205718994
dataset/cstnu/0288 1 0.001954317092895508 36 9 1 0.5799210071563721 1 0.7069854736328125
dataset/cstnu/0289 1 0.0015680789947509766 18 9 1 0.284625768661499 1 0.34905147552490234
dataset/cstnu/0290 1 0.0016622543334960938 30 9 1 0.5715014934539795 1 0.5290670394897461
dataset/cstnu/0291 1 0.0016465187072753906 24 9 1 0.28395557403564453 1 0.5556285381317139
dataset/cstnu/0292 1 0.0017044544219970703 30 9 1 0.5856573581695557 1 0.5514845848083496
dataset/cstnu/0293 1 0.001703500747680664 30 9 1 0.2798953056335449 1 0.3901190757751465
dataset/cstnu/0294 1 0.0017237663269042969 30 9 1 0.5706017017364502 1 0.9749507904052734
dataset/cstnu/0295 1 0.0018236637115478516 36 9 1 0.5748207569122314 1 0.7693192958831787
dataset/cstnu/0296 1 0.0019409656524658203 30 9 1 0.56764817237854 1 0.5394039154052734
dataset/cstnu/0297 1 0.0016841888427734375 24 7 1 0.27949070930480957 1 0.2992672920227051
dataset/cstnu/0298 1 0.0016243457794189453 24 9 1 0.5661790370941162 1 0.5772771835327148
dataset/cstnu/0299 1 0.0018000602722167969 36 9 1 0.28225183486938477 1 0.38001585006713867
dataset/cstnu/0300 1 0.0018231868743896484 36 9 1 0.5634431838989258 1 0.5561239719390869
dataset/cstnu/0301 1 0.0017943382263183594 36 9 1 0.568596363067627 1 0.7400069236755371
dataset/cstnu/0302 1 0.0016202926635742188 18 7 1 0.2896537780761719 1 0.28186964988708496
dataset/cstnu/0303 1 0.0016443729400634766 30 7 1 0.2801952362060547 1 0.3083510398864746
dataset/cstnu/0304 1 0.0014574527740478516 18 7 1 0.2804572582244873 1 0.36038804054260254
dataset/cstnu/0305 1 0.0016901493072509766 24 7 1 0.28375744819641113 1 0.2843034267425537
dataset/cstnu/0306 1 0.0016527175903320312 24 9 1 0.2863328456878662 1 0.4681687355041504
dataset/cstnu/0307 1 0.0017218589782714844 30 9 1 0.5704073905944824 1 0.7521131038665771
dataset/cstnu/0308 1 0.0016644001007080078 24 9 1 0.28443241119384766 1 0.4688842296600342
dataset/cstnu/0309 1 0.0018057823181152344 36 9 1 0.5693902969360352 1 0.869330883026123
dataset/cstnu/0310 1 0.0015735626220703125 18 9 1 0.2876911163330078 1 0.35099148750305176
dataset/cstnu/0311 1 0.0018279552459716797 36 9 1 0.5756630897521973 1 0.6063637733459473
dataset/cstnu/0312 1 0.0018625259399414062 30 9 1 0.5921516418457031 1 0.6722607612609863
dataset/cstnu/0313 1 0.0019559860229492188 36 9 1 0.2753453254699707 1 0.40317416191101074
dataset/cstnu/0314 1 0.0017020702362060547 30 9 1 0.5782146453857422 1 0.5082283020019531
dataset/cstnu/0315 1 0.00156402587890625 18 9 1 0.28505873680114746 1 0.32265400886535645
dataset/cstnu/0316 1 0.0017940998077392578 36 11 1 0.28438425064086914 1 0.39472150802612305
dataset/cstnu/0317 1 0.0018656253814697266 30 9 1 0.5710446834564209 1 0.7530393600463867
dataset/cstnu/0318 1 0.0018088817596435547 36 9 1 0.5570330619812012 1 0.5558693408966064
dataset/cstnu/0319 1 0.0016894340515136719 30 9 1 0.5620999336242676 1 0.6408867835998535
dataset/cstnu/0320 1 0.0017213821411132812 30 9 1 0.581467866897583 1 0.6108393669128418
dataset/cstnu/0321 1 0.0016226768493652344 18 9 1 0.5709536075592041 1 0.5268025398254395
dataset/cstnu/0322 1 0.0018088817596435547 30 9 1 0.574113130569458 1 0.8279945850372314
dataset/cstnu/0323 1 0.0015709400177001953 24 9 1 0.5766222476959229 1 0.6705598831176758
dataset/cstnu/0324 1 0.0016133785247802734 30 9 1 0.28248095512390137 1 0.42892909049987793
dataset/cstnu/0325 1 0.0017406940460205078 36 9 1 0.28338146209716797 1 0.33118391036987305
dataset/cstnu/0326 1 0.0016927719116210938 30 9 1 0.5701799392700195 1 0.6909506320953369
dataset/cstnu/0327 1 0.002476215362548828 24 9 1 0.5647017955780029 1 0.588320255279541
dataset/cstnu/0328 1 0.0016491413116455078 24 9 1 0.2752983570098877 1 0.4268009662628174
dataset/cstnu/0329 1 0.0018651485443115234 36 9 1 0.5704705715179443 1 0.8416650295257568
dataset/cstnu/0330 1 0.0017213821411132812 36 9 1 0.2849571704864502 1 0.5374729633331299
dataset/cstnu/0331 1 0.0016527175903320312 24 9 1 0.28412437438964844 1 0.35526585578918457
dataset/cstnu/0332 1 0.0019450187683105469 36 9 1 0.5709636211395264 1 0.7931280136108398
dataset/cstnu/0333 1 0.0016536712646484375 18 9 1 0.2761237621307373 1 0.3797786235809326
dataset/cstnu/0334 1 0.0017235279083251953 30 9 1 0.29311394691467285 1 0.37093043327331543
dataset/cstnu/0335 1 0.0017802715301513672 30 9 1 0.5929477214813232 1 0.5866456031799316
dataset/cstnu/0336 1 0.0015790462493896484 24 7 1 0.5745298862457275 1 0.35383129119873047
dataset/cstnu/0337 1 0.001665353775024414 24 9 1 0.2864255905151367 1 0.3921058177947998
dataset/cstnu/0338 1 0.0017087459564208984 30 9 1 0.562368631362915 1 0.6642599105834961
dataset/cstnu/0339 1 0.0018544197082519531 18 7 1 0.2888827323913574 1 0.32509326934814453
dataset/cstnu/0340 1 0.0017821788787841797 36 9 1 0.5761184692382812 1 0.5355863571166992
dataset/cstnu/0341 1 0.0017669200897216797 36 9 1 0.28812527656555176 1 0.4681816101074219
dataset/cstnu/0342 1 0.001562356948852539 24 7 1 0.28460240364074707 1 0.37339305877685547
dataset/cstnu/0343 1 0.0017418861389160156 30 9 1 0.5664346218109131 1 0.5941789150238037
dataset/cstnu/0344 1 0.0017642974853515625 36 9 1 0.5680670738220215 1 0.6843564510345459
dataset/cstnu/0345 1 0.001726388931274414 30 9 1 0.5595493316650391 1 0.7085087299346924
dataset/cstnu/0346 1 0.0020835399627685547 36 9 1 0.572211503982544 1 0.669994592666626
dataset/cstnu/0347 1 0.0017807483673095703 36 9 1 0.5797052383422852 1 0.5846545696258545
dataset/cstnu/0348 1 0.0017063617706298828 30 9 1 0.28806304931640625 1 0.4455878734588623
dataset/cstnu/0349 1 0.0017652511596679688 30 9 1 0.2743544578552246 1 0.3488020896911621
dataset/cstnu/0350 1 0.0018837451934814453 36 11 1 0.570845365524292 1 0.668081521987915
dataset/cstnu/0351 1 0.002483367919921875 36 9 1 0.28076887130737305 1 0.4164280891418457
dataset/cstnu/0352 1 0.0016605854034423828 24 9 1 0.6054668426513672 1 0.5208451747894287
dataset/cstnu/0353 1 0.0017178058624267578 30 9 1 0.28632140159606934 1 0.42099499702453613
dataset/cstnu/0354 1 0.0018298625946044922 36 9 1 0.5711519718170166 1 0.5754053592681885
dataset/cstnu/0355 1 0.0018570423126220703 36 9 1 0.5737941265106201 1 0.7276828289031982
dataset/cstnu/0356 1 0.0016524791717529297 24 9 1 0.572873592376709 1 0.534315824508667
dataset/cstnu/0357 1 0.0015206336975097656 18 7 1 0.2866389751434326 1 0.2944812774658203
dataset/cstnu/0358 1 0.0025336742401123047 30 9 1 0.5698621273040771 1 0.7972078323364258
dataset/cstnu/0359 1 0.0017244815826416016 30 9 1 0.5950937271118164 1 0.6726529598236084
dataset/cstnu/0360 1 0.0018835067749023438 36 9 1 0.28412604331970215 1 0.37922167778015137
dataset/cstnu/0361 1 0.0017240047454833984 30 9 1 0.28303003311157227 1 0.3204038143157959
dataset/cstnu/0362 1 0.001714944839477539 30 7 1 0.2848544120788574 1 0.33946824073791504
dataset/cstnu/0363 1 0.0015447139739990234 24 7 1 0.27960968017578125 1 0.3032500743865967
dataset/cstnu/0364 1 0.00176239013671875 30 9 1 0.5811588764190674 1 0.7567043304443359
dataset/cstnu/0365 1 0.0017735958099365234 36 9 1 0.28569507598876953 1 0.4851710796356201
dataset/cstnu/0366 1 0.001649618148803711 24 9 1 0.5738790035247803 1 0.8728148937225342
dataset/cstnu/0367 1 0.0017499923706054688 36 9 1 0.29146695137023926 1 0.35504674911499023
dataset/cstnu/0368 1 0.0017507076263427734 36 9 1 0.28128695487976074 1 0.3791203498840332
dataset/cstnu/0369 1 0.0017511844635009766 30 9 1 0.5660555362701416 1 0.7032506465911865
dataset/cstnu/0370 1 0.001766204833984375 24 9 1 0.563244104385376 1 0.5169758796691895
dataset/cstnu/0371 1 0.0017788410186767578 36 9 1 0.28754138946533203 1 0.47193217277526855
dataset/cstnu/0372 1 0.0026683807373046875 24 9 1 0.5553321838378906 1 0.6090109348297119
dataset/cstnu/0373 1 0.00197601318359375 36 9 1 0.5856294631958008 1 0.7211649417877197
dataset/cstnu/0374 1 0.0017712116241455078 36 9 1 0.5958726406097412 1 0.7201733589172363
dataset/cstnu/0375 1 0.0017271041870117188 30 9 1 0.5851211547851562 1 0.6676688194274902
dataset/cstnu/0376 1 0.0018887519836425781 36 9 1 0.5978140830993652 1 1.0319678783416748
dataset/cstnu/0377 1 0.0018541812896728516 36 9 1 0.5733094215393066 1 0.5772740840911865
dataset/cstnu/0378 1 0.0017981529235839844 30 9 1 0.566922664642334 1 0.6686844825744629
dataset/cstnu/0379 1 0.0017910003662109375 36 9 1 0.2885441780090332 1 0.41036009788513184
dataset/cstnu/0380 1 0.0016465187072753906 24 9 1 0.5824787616729736 1 1.1694796085357666
dataset/cstnu/0381 1 0.00179290771484375 36 9 1 0.29015684127807617 1 0.5279512405395508
dataset/cstnu/0382 1 0.0016431808471679688 24 9 1 0.5723745822906494 1 0.4699833393096924
dataset/cstnu/0383 1 0.0017611980438232422 30 9 1 0.5677917003631592 1 0.503075122833252
dataset/cstnu/0384 1 0.0027937889099121094 36 9 1 0.595534086227417 1 0.6528465747833252
dataset/cstnu/0385 1 0.0016629695892333984 30 9 1 0.28499436378479004 1 0.45554018020629883
dataset/cstnu/0386 1 0.0017423629760742188 30 9 1 0.28750109672546387 1 0.3714125156402588
dataset/cstnu/0387 1 0.001659393310546875 24 9 1 0.5692737102508545 1 0.5680801868438721
dataset/cstnu/0388 1 0.0016815662384033203 30 9 1 0.2891407012939453 1 0.41962718963623047
dataset/cstnu/0389 1 0.0017366409301757812 30 9 1 0.28001880645751953 1 0.3884735107421875
dataset/cstnu/0390 1 0.00171661376953125 30 9 1 0.5636086463928223 1 0.6100726127624512
dataset/cstnu/0391 1 0.0018506050109863281 36 9 1 0.5837693214416504 1 0.5668501853942871
dataset/cstnu/0392 1 0.0017709732055664062 36 7 1 0.5611245632171631 1 0.4169807434082031
dataset/cstnu/0393 1 0.0017337799072265625 24 9 1 0.2964444160461426 1 0.41457104682922363
dataset/cstnu/0394 1 0.0017685890197753906 36 9 1 0.5728015899658203 1 0.46462059020996094
dataset/cstnu/0395 1 0.001798868179321289 36 9 1 0.5734665393829346 1 0.7226467132568359
dataset/cstnu/0396 1 0.0015859603881835938 30 7 1 0.2810995578765869 1 0.2881510257720947
dataset/cstnu/0397 1 0.0016331672668457031 24 9 1 0.5699849128723145 1 0.4986538887023926
dataset/cstnu/0398 1 0.0026907920837402344 30 9 1 0.5646586418151855 1 0.6209022998809814
dataset/cstnu/0399 1 0.0017747879028320312 36 9 1 0.5719242095947266 1 0.9006409645080566
dataset/cstnu/0400 1 0.001581430435180664 24 7 1 0.282001256942749 1 0.31434178352355957
dataset/cstnu/0401 1 0.0017292499542236328 30 9 1 0.5770449638366699 1 0.597747802734375
dataset/cstnu/0402 1 0.0015783309936523438 18 9 1 0.5577394962310791 1 0.17019939422607422
dataset/cstnu/0403 1 0.001737833023071289 24 9 1 0.28415679931640625 1 0.33676671981811523
dataset/cstnu/0404 1 0.0017397403717041016 30 9 1 0.5633435249328613 1 0.4983053207397461
dataset/cstnu/0405 1 0.0023550987243652344 18 7 1 0.5640654563903809 1 0.37642598152160645
dataset/cstnu/0406 1 0.0017936229705810547 36 9 1 0.5599565505981445 1 0.5822741985321045
dataset/cstnu/0407 1 0.0018639564514160156 36 9 1 0.5959751605987549 1 0.542553186416626
dataset/cstnu/0408 1 0.0016162395477294922 24 7 1 0.28517961502075195 1 0.30892038345336914
dataset/cstnu/0409 1 0.0017681121826171875 30 9 1 0.28731441497802734 1 0.3823115825653076
dataset/cstnu/0410 1 0.0016362667083740234 24 9 1 0.2897007465362549 1 0.34787678718566895
dataset/cstnu/0411 1 0.0016477108001708984 24 9 1 0.29017138481140137 1 0.39085888862609863
dataset/cstnu/0412 1 0.0016531944274902344 24 9 1 0.5694239139556885 1 0.553199291229248
dataset/cstnu/0413 1 0.0017724037170410156 36 9 1 0.290172815322876 1 0.46066713333129883
dataset/cstnu/0414 1 0.0015964508056640625 18 9 1 0.28550243377685547 1 0.3357577323913574
dataset/cstnu/0415 1 0.0015521049499511719 30 7 1 0.2783784866333008 1 0.2688746452331543
dataset/cstnu/0416 1 0.0017483234405517578 36 9 1 0.565514087677002 1 0.6371734142303467
dataset/cstnu/0417 1 0.0016407966613769531 24 9 1 0.5588252544403076 1 0.6318387985229492
dataset/cstnu/0418 1 0.0015950202941894531 24 7 1 0.2806835174560547 1 0.31712937355041504
dataset/cstnu/0419 1 0.0017664432525634766 36 9 1 0.568594217300415 1 0.49009037017822266
dataset/cstnu/0420 1 0.0016248226165771484 24 7 1 0.28316593170166016 1 0.29720234870910645
dataset/cstnu/0421 1 0.0018334388732910156 36 9 1 0.582226037979126 1 0.46682047843933105
dataset/cstnu/0422 1 0.0017697811126708984 36 9 1 0.600226640701294 1 0.49036645889282227
dataset/cstnu/0423 1 0.0016672611236572266 30 7 1 0.5694365501403809 1 0.4765756130218506
dataset/cstnu/0424 1 0.0017485618591308594 36 7 1 0.2917006015777588 1 0.2902555465698242
dataset/cstnu/0425 1 0.0017290115356445312 30 9 1 0.27658772468566895 1 0.4953794479370117
dataset/cstnu/0426 1 0.0018379688262939453 36 9 1 0.5702009201049805 1 0.6994590759277344
dataset/cstnu/0427 1 0.001621246337890625 24 7 1 0.29631495475769043 1 0.29169464111328125
dataset/cstnu/0428 1 0.0016167163848876953 18 9 1 0.5729854106903076 1 0.774644136428833
dataset/cstnu/0429 1 0.0016942024230957031 30 9 1 0.5776243209838867 1 0.615633487701416
dataset/cstnu/0430 1 0.0017971992492675781 36 9 1 0.27749085426330566 1 0.37276315689086914
dataset/cstnu/0431 1 0.0014946460723876953 18 9 1 0.280198335647583 1 0.28104281425476074
dataset/cstnu/0432 1 0.001705169677734375 30 9 1 0.281965970993042 1 0.510584831237793
dataset/cstnu/0433 1 0.0019104480743408203 36 11 1 0.5913822650909424 1 1.2247233390808105
dataset/cstnu/0434 1 0.0018358230590820312 36 9 1 0.2835524082183838 1 0.3988678455352783
dataset/cstnu/0435 1 0.001611948013305664 24 7 1 0.28305506706237793 1 0.3297121524810791
dataset/cstnu/0436 1 0.0016319751739501953 24 9 1 0.317551851272583 1 0.3920576572418213
dataset/cstnu/0437 1 0.002064228057861328 36 9 1 0.568129301071167 1 0.4127695560455322
dataset/cstnu/0438 1 0.0025403499603271484 36 7 1 0.2836775779724121 1 0.34387946128845215
dataset/cstnu/0439 1 0.0015649795532226562 24 7 1 0.27917909622192383 1 0.28226256370544434
dataset/cstnu/0440 1 0.00180816650390625 30 11 1 0.5781481266021729 1 0.8026666641235352
dataset/cstnu/0441 1 0.001674652099609375 30 9 1 0.2946622371673584 1 0.3185093402862549
dataset/cstnu/0442 1 0.0022995471954345703 18 7 1 0.29910802841186523 1 0.2902953624725342
dataset/cstnu/0443 1 0.0016028881072998047 18 7 1 0.291043758392334 1 0.3353264331817627
dataset/cstnu/0444 1 0.001743316650390625 36 7 1 0.2822763919830322 1 0.3095383644104004
dataset/cstnu/0445 1 0.001806020736694336 36 9 1 0.5695655345916748 1 0.5119543075561523
dataset/cstnu/0446 1 0.0016264915466308594 24 9 1 0.5660037994384766 1 0.5644128322601318
dataset/cstnu/0447 1 0.001817464828491211 36 9 1 0.28031420707702637 1 0.46515965461730957
dataset/cstnu/0448 1 0.001711130142211914 24 7 1 0.5711073875427246 1 0.35704970359802246
dataset/cstnu/0449 1 0.0017886161804199219 36 9 1 0.2811715602874756 1 0.4484724998474121
dataset/cstnu/0450 1 0.0019032955169677734 36 9 1 0.5697517395019531 1 0.7839434146881104
dataset/cstnu/0451 1 0.0016062259674072266 24 7 1 0.5821800231933594 1 0.4419088363647461
dataset/cstnu/0452 1 0.00164794921875 24 9 1 0.5634801387786865 1 0.49567151069641113
dataset/cstnu/0453 1 0.002520322799682617 18 7 1 0.28531670570373535 1 0.3407258987426758
dataset/cstnu/0454 1 0.0017940998077392578 36 9 1 0.5789589881896973 1 0.5906858444213867
dataset/cstnu/0455 1 0.0018222332000732422 36 9 1 0.5709288120269775 1 0.5736441612243652
dataset/cstnu/0456 1 0.0015902519226074219 18 9 1 0.289370059967041 1 0.3596200942993164
dataset/cstnu/0457 1 0.0017974376678466797 36 9 1 0.5719411373138428 1 0.6109178066253662
dataset/cstnu/0458 1 0.0017857551574707031 36 9 1 0.5814635753631592 1 0.6379983425140381
dataset/cstnu/0459 1 0.0015211105346679688 18 7 1 0.27728819847106934 1 0.29317426681518555
dataset/cstnu/0460 1 0.0025794506072998047 24 7 1 0.5676226615905762 1 0.3641986846923828
dataset/cstnu/0461 1 0.0017557144165039062 36 9 1 0.6021018028259277 1 0.7068080902099609
dataset/cstnu/0462 1 0.0016407966613769531 24 9 1 0.5920414924621582 1 0.882603645324707
dataset/cstnu/0463 1 0.0017771720886230469 36 9 1 0.5659334659576416 1 0.5316729545593262
dataset/cstnu/0464 1 0.0017702579498291016 30 9 1 0.5706460475921631 1 0.9834773540496826
dataset/cstnu/0465 1 0.0019316673278808594 36 9 1 0.5758180618286133 1 0.5850412845611572
dataset/cstnu/0466 1 0.0016791820526123047 24 9 1 0.30408239364624023 1 0.3374049663543701
dataset/cstnu/0467 1 0.0017642974853515625 36 9 1 0.5675773620605469 1 0.8407649993896484
dataset/cstnu/0468 1 0.0016071796417236328 30 9 1 0.28990769386291504 1 0.4004948139190674
dataset/cstnu/0469 1 0.0016522407531738281 24 9 1 0.5678601264953613 1 0.5183675289154053
dataset/cstnu/0470 1 0.0017364025115966797 30 9 1 0.5690009593963623 1 0.7293157577514648
dataset/cstnu/0471 1 0.0017921924591064453 36 9 1 0.2831268310546875 1 0.3717617988586426
dataset/cstnu/0472 1 0.0017180442810058594 30 9 1 0.28147411346435547 1 0.39374852180480957
dataset/cstnu/0473 1 0.0030062198638916016 36 9 1 0.5743908882141113 1 0.7230150699615479
dataset/cstnu/0474 1 0.0020034313201904297 36 9 1 0.5635092258453369 1 0.7827796936035156
dataset/cstnu/0475 1 0.0015897750854492188 18 9 1 0.30443882942199707 1 0.3696606159210205
dataset/cstnu/0476 1 0.0016529560089111328 24 9 1 0.5682179927825928 1 0.5815520286560059
dataset/cstnu/0477 1 0.001806020736694336 30 9 1 0.5779881477355957 1 0.7764384746551514
dataset/cstnu/0478 1 0.0015659332275390625 24 9 1 0.29290318489074707 1 0.4422781467437744
dataset/cstnu/0479 1 0.0018296241760253906 36 7 1 0.5749411582946777 1 0.4731903076171875
dataset/cstnu/0480 1 0.0018053054809570312 30 11 1 0.5740838050842285 1 0.7622697353363037
dataset/cstnu/0481 1 0.0018999576568603516 36 9 1 0.5740683078765869 1 0.9359889030456543
dataset/cstnu/0482 1 0.0018894672393798828 36 9 1 0.5754599571228027 1 0.895172119140625
dataset/cstnu/0483 1 0.0020623207092285156 36 9 1 0.2872960567474365 1 0.40395236015319824
dataset/cstnu/0484 1 0.0016052722930908203 18 9 1 0.30707740783691406 1 0.3665168285369873
dataset/cstnu/0485 1 0.0017502307891845703 36 9 1 0.5797023773193359 1 0.8011081218719482
dataset/cstnu/0486 1 0.001827239990234375 30 11 1 0.5754420757293701 1 0.5391137599945068
dataset/cstnu/0487 1 0.0023043155670166016 18 7 1 0.2878255844116211 1 0.343853235244751
dataset/cstnu/0488 1 0.0018551349639892578 36 9 1 0.5719459056854248 1 1.0114946365356445
dataset/cstnu/0489 1 0.00174713134765625 30 9 1 0.6007833480834961 1 0.6695690155029297
dataset/cstnu/0490 1 0.002674579620361328 30 9 1 0.28453922271728516 1 0.3977165222167969
dataset/cstnu/0491 1 0.0019078254699707031 36 9 1 0.5882091522216797 1 0.7316460609436035
dataset/cstnu/0492 1 0.0018930435180664062 30 9 1 0.5645265579223633 1 0.7158873081207275
dataset/cstnu/0493 1 0.0017681121826171875 36 7 1 0.2830231189727783 1 0.31853604316711426
dataset/cstnu/0494 1 0.0018515586853027344 36 9 1 0.5677475929260254 1 1.5045959949493408
dataset/cstnu/0495 1 0.0018682479858398438 36 9 1 0.5763802528381348 1 0.47696876525878906
dataset/cstnu/0496 1 0.0027899742126464844 36 9 1 0.5782856941223145 1 0.6672801971435547
dataset/cstnu/0497 1 0.0017812252044677734 36 9 1 0.5740528106689453 1 0.6344714164733887
dataset/cstnu/0498 1 0.0016798973083496094 24 9 1 0.297609806060791 1 0.35738253593444824
dataset/cstnu/0499 1 0.00177764892578125 36 9 1 0.28627586364746094 1 0.40274882316589355
dataset/cstnu/0500 1 0.0018210411071777344 30 9 1 0.5789427757263184 1 0.7146608829498291
dataset/cstnu/0501 1 0.001726388931274414 30 9 1 0.28690385818481445 1 0.391845703125
dataset/cstnu/0502 1 0.0016701221466064453 24 9 1 0.28740429878234863 1 0.36817312240600586
dataset/cstnu/0503 1 0.0018551349639892578 36 9 1 0.5668778419494629 1 0.7963080406188965
dataset/cstnu/0504 1 0.0016705989837646484 30 9 1 0.2906360626220703 1 0.37726616859436035
dataset/cstnu/0505 1 0.0017876625061035156 36 9 1 0.2942390441894531 1 0.3972597122192383
dataset/cstnu/0506 1 0.0017437934875488281 30 9 1 0.28254103660583496 1 0.4105699062347412
dataset/cstnu/0507 1 0.0018112659454345703 36 9 1 0.5729959011077881 1 0.5224494934082031
dataset/cstnu/0508 1 0.001865386962890625 36 9 1 0.5897645950317383 1 0.7045989036560059
dataset/cstnu/0509 1 0.0017752647399902344 30 9 1 0.6063892841339111 1 0.5035796165466309
dataset/cstnu/0510 1 0.0016117095947265625 24 7 1 0.2847764492034912 1 0.3066987991333008
dataset/cstnu/0511 1 0.0017278194427490234 30 9 1 0.2866098880767822 1 0.4604165554046631
dataset/cstnu/0512 1 0.001825571060180664 36 9 1 0.5719125270843506 1 0.7794127464294434
dataset/cstnu/0513 1 0.0017838478088378906 36 9 1 0.2956843376159668 1 0.4930403232574463
dataset/cstnu/0514 1 0.001817941665649414 36 9 1 0.5764548778533936 1 0.6705002784729004
dataset/cstnu/0515 1 0.0016858577728271484 30 9 1 0.2895195484161377 1 0.3506309986114502
dataset/cstnu/0516 1 0.0018541812896728516 36 9 1 0.2851250171661377 1 0.46135401725769043
dataset/cstnu/0517 1 0.0022497177124023438 18 7 1 0.2872278690338135 1 0.33367443084716797
dataset/cstnu/0518 1 0.001674652099609375 30 9 1 0.5864996910095215 1 0.59474778175354
dataset/cstnu/0519 1 0.0019028186798095703 36 9 1 0.5999369621276855 1 0.5765533447265625
dataset/cstnu/0520 1 0.001710653305053711 24 9 1 0.29238104820251465 1 0.3594539165496826
dataset/cstnu/0521 1 0.0018329620361328125 36 9 1 0.5813453197479248 1 0.9823324680328369
dataset/cstnu/0522 1 0.001728057861328125 30 9 1 0.2771742343902588 1 0.4885268211364746
dataset/cstnu/0523 1 0.0017762184143066406 36 9 1 0.587273359298706 1 0.6829583644866943
dataset/cstnu/0524 1 0.0015652179718017578 18 7 1 0.5816638469696045 1 0.4003634452819824
dataset/cstnu/0525 1 0.001836538314819336 36 7 1 0.28864359855651855 1 0.32773518562316895
dataset/cstnu/0526 1 0.0018503665924072266 36 9 1 0.5858597755432129 1 0.5686235427856445
dataset/cstnu/0527 1 0.001645803451538086 30 9 1 0.5638933181762695 1 0.7051830291748047
dataset/cstnu/0528 1 0.001798868179321289 36 9 1 0.5738582611083984 1 0.8597629070281982
dataset/cstnu/0529 1 0.0018057823181152344 36 9 1 0.5605607032775879 1 0.516836404800415
dataset/cstnu/0530 1 0.0020067691802978516 36 9 1 0.5834181308746338 1 0.7680156230926514
dataset/cstnu/0531 1 0.0018239021301269531 36 9 1 0.5872609615325928 1 0.5787680149078369
dataset/cstnu/0532 1 0.001798391342163086 36 9 1 0.5811004638671875 1 0.701972484588623
dataset/cstnu/0533 1 0.0018382072448730469 36 9 1 0.5900211334228516 1 0.8218669891357422
dataset/cstnu/0534 1 0.002459287643432617 24 9 1 0.29299211502075195 1 0.4484403133392334
dataset/cstnu/0535 1 0.0016901493072509766 24 9 1 0.27098917961120605 1 0.41199254989624023
dataset/cstnu/0536 1 0.0016036033630371094 18 7 1 0.589409589767456 1 0.4480164051055908
dataset/cstnu/0537 1 0.0018687248229980469 36 9 1 0.29911303520202637 1 0.3824498653411865
dataset/cstnu/0538 1 0.0027828216552734375 30 9 1 0.5916304588317871 1 0.4849076271057129
dataset/cstnu/0539 1 0.0018112659454345703 30 9 1 0.5715711116790771 1 0.6927461624145508
dataset/cstnu/0540 1 0.0018620491027832031 36 9 1 0.5934057235717773 1 0.5667612552642822
dataset/cstnu/0541 1 0.0026726722717285156 24 9 1 0.5782580375671387 1 0.6571447849273682
dataset/cstnu/0542 1 0.0017819404602050781 36 9 1 0.580115795135498 1 0.5982413291931152
dataset/cstnu/0543 1 0.0017876625061035156 36 9 1 0.5802228450775146 1 0.7964539527893066
dataset/cstnu/0544 1 0.0017857551574707031 36 9 1 0.29357337951660156 1 0.5018787384033203
dataset/cstnu/0545 1 0.001737833023071289 30 9 1 0.5706973075866699 1 0.7097265720367432
dataset/cstnu/0546 1 0.0016436576843261719 24 9 1 0.29445719718933105 1 0.4325873851776123
dataset/cstnu/0547 1 0.0017423629760742188 30 9 1 0.5841555595397949 1 0.8192071914672852
dataset/cstnu/0548 1 0.001711130142211914 30 9 1 0.28957319259643555 1 0.3994560241699219
dataset/cstnu/0549 1 0.0018956661224365234 24 9 1 0.5837376117706299 1 0.5385456085205078
dataset/cstnu/0550 1 0.0018568038940429688 36 9 1 0.5831217765808105 1 0.6207275390625
dataset/cstnu/0551 1 0.0016078948974609375 24 9 1 0.2868614196777344 1 0.3583669662475586
dataset/cstnu/0552 1 0.0016083717346191406 18 9 1 0.2895793914794922 1 0.35417604446411133
dataset/cstnu/0553 1 0.001657724380493164 24 9 1 0.5775599479675293 1 0.41365623474121094
dataset/cstnu/0554 1 0.002020597457885742 36 9 1 0.5754091739654541 1 0.7809300422668457
dataset/cstnu/0555 1 0.0023598670959472656 18 7 1 0.5822837352752686 1 0.40205812454223633
dataset/cstnu/0556 1 0.0017311573028564453 30 9 1 0.30235981941223145 1 0.3807065486907959
dataset/cstnu/0557 1 0.0017578601837158203 36 9 1 0.28623032569885254 1 0.42296552658081055
dataset/cstnu/0558 1 0.001756429672241211 36 9 1 0.2875332832336426 1 0.3540687561035156
dataset/cstnu/0559 1 0.0017371177673339844 24 9 1 0.5802805423736572 1 0.5125067234039307
dataset/cstnu/0560 1 0.001483917236328125 18 7 1 0.28739261627197266 1 0.31514501571655273
dataset/cstnu/0561 1 0.0016853809356689453 36 7 1 0.2873497009277344 1 0.338712215423584
dataset/cstnu/0562 1 0.00197601318359375 30 9 1 0.5704317092895508 1 0.6817824840545654
dataset/cstnu/0563 1 0.0014801025390625 18 7 1 0.296581506729126 1 0.2824859619140625
dataset/cstnu/0564 1 0.0016009807586669922 24 9 1 0.2850978374481201 1 0.428330659866333
dataset/cstnu/0565 1 0.0017223358154296875 30 9 1 0.2923414707183838 1 0.38402342796325684
dataset/cstnu/0566 1 0.0018246173858642578 36 9 1 0.5790584087371826 1 0.7894949913024902
dataset/cstnu/0567 1 0.0016779899597167969 30 7 1 0.28641724586486816 1 0.3452768325805664
dataset/cstnu/0568 1 0.0015871524810791016 24 7 1 0.2881932258605957 1 0.3421976566314697
dataset/cstnu/0569 1 0.0016100406646728516 24 9 1 0.5935742855072021 1 0.7027606964111328
dataset/cstnu/0570 1 0.002695798873901367 36 9 1 0.5951857566833496 1 0.8132011890411377
dataset/cstnu/0571 1 0.0017933845520019531 30 9 1 0.5740547180175781 1 0.5208580493927002
dataset/cstnu/0572 1 0.0016460418701171875 24 9 1 0.2881019115447998 1 0.34595775604248047
dataset/cstnu/0573 1 0.0016286373138427734 18 7 1 0.29256653785705566 1 0.30555081367492676
dataset/cstnu/0574 1 0.0018055438995361328 36 7 1 0.28824281692504883 1 0.3132131099700928
dataset/cstnu/0575 1 0.0020885467529296875 36 9 1 0.6312370300292969 1 0.77899169921875
dataset/cstnu/0576 1 0.0018050670623779297 36 9 1 0.29882097244262695 1 0.3995656967163086
dataset/cstnu/0577 1 0.0018701553344726562 36 9 1 0.5894632339477539 1 0.6020338535308838
dataset/cstnu/0578 1 0.0018584728240966797 36 9 1 0.5693862438201904 1 0.7160789966583252
dataset/cstnu/0579 1 0.0016069412231445312 24 9 1 0.2936546802520752 1 0.3813652992248535
dataset/cstnu/0580 1 0.0017817020416259766 36 9 1 0.5924773216247559 1 0.5996341705322266
dataset/cstnu/0581 1 0.0017385482788085938 30 9 1 0.2946457862854004 1 0.4511229991912842
dataset/cstnu/0582 1 0.0018305778503417969 36 9 1 0.29287004470825195 1 0.38675999641418457
dataset/cstnu/0583 1 0.0020313262939453125 30 9 1 0.5799648761749268 1 0.6300735473632812
dataset/cstnu/0584 1 0.0016939640045166016 24 9 1 0.5718719959259033 1 0.6318714618682861
dataset/cstnu/0585 1 0.0017919540405273438 36 9 1 0.5811915397644043 1 0.7625751495361328
dataset/cstnu/0586 1 0.0016334056854248047 18 7 1 0.5793166160583496 1 0.40660667419433594
dataset/cstnu/0587 1 0.0020897388458251953 36 9 1 0.28576040267944336 1 0.37508130073547363
dataset/cstnu/0588 1 0.0017032623291015625 30 9 1 0.29030704498291016 1 0.42800021171569824
dataset/cstnu/0589 1 0.001878499984741211 36 9 1 0.5713129043579102 1 0.596919059753418
dataset/cstnu/0590 1 0.001798868179321289 30 9 1 0.5863654613494873 1 0.6969547271728516
dataset/cstnu/0591 1 0.0017161369323730469 30 9 1 0.2862668037414551 1 0.3613443374633789
dataset/cstnu/0592 1 0.0018603801727294922 30 9 1 0.6177377700805664 1 1.0141880512237549
dataset/cstnu/0593 1 0.0017006397247314453 36 9 1 0.28948044776916504 1 0.5071604251861572
dataset/cstnu/0594 1 0.0017154216766357422 24 9 1 0.5761673450469971 1 0.624103307723999
dataset/cstnu/0595 1 0.002098560333251953 36 9 1 0.2826097011566162 1 0.39267802238464355
dataset/cstnu/0596 1 0.0016772747039794922 24 9 1 0.5716776847839355 1 0.4975264072418213
dataset/cstnu/0597 1 0.001848459243774414 36 9 1 0.287250280380249 1 0.3814506530761719
dataset/cstnu/0598 1 0.0017158985137939453 36 9 1 0.5876274108886719 1 0.622826099395752
dataset/cstnu/0599 1 0.0016820430755615234 24 9 1 0.5693619251251221 1 0.6722190380096436
dataset/cstnu/0600 1 0.002622842788696289 36 9 1 0.5887711048126221 1 0.5797145366668701
dataset/cstnu/0601 1 0.001903533935546875 36 9 1 0.5919895172119141 1 0.7078738212585449
dataset/cstnu/0602 1 0.0016567707061767578 24 7 1 0.5628936290740967 1 0.46407008171081543
dataset/cstnu/0603 1 0.0025877952575683594 36 9 1 0.2849907875061035 1 0.5691676139831543
dataset/cstnu/0604 1 0.0016584396362304688 24 9 1 0.2887227535247803 1 0.5255222320556641
dataset/cstnu/0605 1 0.001936197280883789 36 9 1 0.5939288139343262 1 0.7223589420318604
dataset/cstnu/0606 1 0.001836538314819336 36 9 1 0.28983569145202637 1 0.32541918754577637
dataset/cstnu/0607 1 0.0017435550689697266 30 9 1 0.2879335880279541 1 0.3653273582458496
dataset/cstnu/0608 1 0.0017588138580322266 30 9 1 0.283785343170166 1 0.5412051677703857
dataset/cstnu/0609 1 0.0016138553619384766 30 7 1 0.5747535228729248 1 0.3790092468261719
dataset/cstnu/0610 1 0.0017690658569335938 30 9 1 0.571779727935791 1 1.0798540115356445
dataset/cstnu/0611 1 0.0017883777618408203 36 9 1 0.5763180255889893 1 0.8308074474334717
dataset/cstnu/0612 1 0.0017390251159667969 24 9 1 0.601931095123291 1 0.5299193859100342
dataset/cstnu/0613 1 0.0018150806427001953 30 7 1 0.5735726356506348 1 0.36270761489868164
dataset/cstnu/0614 1 0.0018301010131835938 36 9 1 0.5705358982086182 1 0.7935647964477539
dataset/cstnu/0615 1 0.0016200542449951172 18 9 1 0.5888493061065674 1 0.6199610233306885
dataset/cstnu/0616 1 0.002859354019165039 36 9 1 0.5951344966888428 1 0.6212449073791504
dataset/cstnu/0617 1 0.0017588138580322266 30 7 1 0.2902653217315674 1 0.3111715316772461
dataset/cstnu/0618 1 0.0017938613891601562 36 9 1 0.2835233211517334 1 0.44695186614990234
dataset/cstnu/0619 1 0.0018296241760253906 36 9 1 0.571000337600708 1 0.8266563415527344
dataset/cstnu/0620 1 0.0017726421356201172 30 11 1 0.5774648189544678 1 1.118011713027954
dataset/cstnu/0621 1 0.0016510486602783203 24 7 1 0.29664063453674316 1 0.35431575775146484
dataset/cstnu/0622 1 0.0018227100372314453 36 9 1 0.5848293304443359 1 0.9290337562561035
dataset/cstnu/0623 1 0.0019278526306152344 36 9 1 0.5679454803466797 1 1.218679666519165
dataset/cstnu/0624 1 0.001745462417602539 30 9 1 0.29309821128845215 1 0.3496365547180176
dataset/cstnu/0625 1 0.0019350051879882812 30 9 1 0.29097557067871094 1 0.338001012802124
dataset/cstnu/0626 1 0.0016951560974121094 30 9 1 0.286052942276001 1 0.369981050491333
dataset/cstnu/0627 1 0.0018618106842041016 36 9 1 0.5647692680358887 1 1.0143849849700928
dataset/cstnu/0628 1 0.0015835762023925781 18 9 1 0.2876746654510498 1 0.3936796188354492
dataset/cstnu/0629 1 0.0017375946044921875 30 9 1 0.5840044021606445 1 1.302933692932129
dataset/cstnu/0630 1 0.0016219615936279297 24 7 1 0.5795576572418213 1 0.4844818115234375
dataset/cstnu/0631 1 0.001596212387084961 18 9 1 0.5763795375823975 1 0.5533745288848877
dataset/cstnu/0632 1 0.0018589496612548828 24 7 1 0.2936441898345947 1 0.33358144760131836
dataset/cstnu/0633 1 0.0016531944274902344 18 9 1 0.2818930149078369 1 0.3909447193145752
dataset/cstnu/0634 1 0.001661539077758789 24 9 1 0.5618932247161865 1 0.5721786022186279
dataset/cstnu/0635 1 0.001600027084350586 24 7 1 0.28345274925231934 1 0.3252096176147461
dataset/cstnu/0636 1 0.0016734600067138672 24 9 1 0.5772910118103027 1 0.7162046432495117
dataset/cstnu/0637 1 0.0015802383422851562 18 9 1 0.2909238338470459 1 0.3854808807373047
dataset/cstnu/0638 1 0.0016164779663085938 24 9 1 0.2980835437774658 1 0.48923444747924805
dataset/cstnu/0639 1 0.0016644001007080078 24 9 1 0.28478479385375977 1 0.4190797805786133
dataset/cstnu/0640 1 0.0015780925750732422 18 7 1 0.584979772567749 1 0.3895277976989746
dataset/cstnu/0641 1 0.0018036365509033203 30 9 1 0.586916446685791 1 0.5032806396484375
dataset/cstnu/0642 1 0.0018062591552734375 36 9 1 0.5645391941070557 1 0.47900986671447754
dataset/cstnu/0643 1 0.0017254352569580078 30 9 1 0.2814493179321289 1 0.46722984313964844
dataset/cstnu/0644 1 0.0017600059509277344 36 7 1 0.5675654411315918 1 0.4891982078552246
dataset/cstnu/0645 1 0.0017497539520263672 30 11 1 0.5573363304138184 1 0.7235226631164551
dataset/cstnu/0646 1 0.002592325210571289 18 9 1 0.5627431869506836 1 0.47142624855041504
dataset/cstnu/0647 1 0.0016841888427734375 24 9 1 0.29747462272644043 1 0.5436036586761475
dataset/cstnu/0648 1 0.0017282962799072266 36 9 1 0.2849464416503906 1 0.3674437999725342
dataset/cstnu/0649 1 0.001798391342163086 36 9 1 0.5686588287353516 1 0.617741584777832
dataset/cstnu/0650 1 0.001562356948852539 18 9 1 0.2829740047454834 1 0.2948458194732666
dataset/cstnu/0651 1 0.0018296241760253906 36 9 1 0.568324089050293 1 0.7265281677246094
dataset/cstnu/0652 1 0.001850128173828125 36 9 1 0.593846321105957 1 0.7478828430175781
dataset/cstnu/0653 1 0.0017023086547851562 30 7 1 0.28280162811279297 1 0.27148866653442383
dataset/cstnu/0654 1 0.0017781257629394531 36 9 1 0.5780792236328125 1 0.6228652000427246
dataset/cstnu/0655 1 0.0016286373138427734 30 9 1 0.5803515911102295 1 0.5405938625335693
dataset/cstnu/0656 1 0.0018305778503417969 36 9 1 0.5967590808868408 1 0.571054220199585
dataset/cstnu/0657 1 0.001855611801147461 36 9 1 0.565985918045044 1 0.5758070945739746
dataset/cstnu/0658 1 0.00174713134765625 30 9 1 0.5743231773376465 1 0.578977108001709
dataset/cstnu/0659 1 0.0017867088317871094 36 9 1 0.5753493309020996 1 0.5882303714752197
dataset/cstnu/0660 1 0.0018055438995361328 36 9 1 0.6180028915405273 1 0.6089131832122803
dataset/cstnu/0661 1 0.0018339157104492188 36 9 1 0.5732238292694092 1 0.4671614170074463
dataset/cstnu/0662 1 0.0015552043914794922 24 7 1 0.2845773696899414 1 0.2764465808868408
dataset/cstnu/0663 1 0.0018193721771240234 36 9 1 0.5800683498382568 1 0.5409088134765625
dataset/cstnu/0664 1 0.0019259452819824219 36 9 1 0.5848841667175293 1 0.6824839115142822
dataset/cstnu/0665 1 0.0019507408142089844 36 9 1 0.5810885429382324 1 0.7227213382720947
dataset/cstnu/0666 1 0.0019412040710449219 36 11 1 0.6007993221282959 1 0.6529343128204346
dataset/cstnu/0667 1 0.001783132553100586 30 9 1 0.5856196880340576 1 0.47554969787597656
dataset/cstnu/0668 1 0.0017681121826171875 36 9 1 0.5684216022491455 1 0.7743809223175049
dataset/cstnu/0669 1 0.0017256736755371094 30 9 1 0.5661654472351074 1 0.7049567699432373
dataset/cstnu/0670 1 0.001661539077758789 24 9 1 0.5912258625030518 1 0.49396514892578125
dataset/cstnu/0671 1 0.0016281604766845703 24 7 1 0.5586321353912354 1 0.4469599723815918
dataset/cstnu/0672 1 0.001771688461303711 36 9 1 0.5594072341918945 1 0.6189095973968506
dataset/cstnu/0673 1 0.0017254352569580078 30 9 1 0.580883264541626 1 0.7000551223754883
dataset/cstnu/0674 1 0.0016422271728515625 24 9 1 0.5644874572753906 1 0.5502779483795166
dataset/cstnu/0675 1 0.0016570091247558594 18 9 1 0.2805755138397217 1 0.3787558078765869
dataset/cstnu/0676 1 0.0016162395477294922 24 7 1 0.2755014896392822 1 0.3271603584289551
dataset/cstnu/0677 1 0.0016331672668457031 24 9 1 0.576737642288208 1 0.6013011932373047
dataset/cstnu/0678 1 0.0015041828155517578 18 9 1 0.2831461429595947 1 0.313629150390625
dataset/cstnu/0679 1 0.0016818046569824219 24 9 1 0.2818307876586914 1 0.420177698135376
dataset/cstnu/0680 1 0.002710103988647461 24 9 1 0.5799427032470703 1 0.6998419761657715
dataset/cstnu/0681 1 0.0017688274383544922 36 9 1 0.5675256252288818 1 0.8298683166503906
dataset/cstnu/0682 1 0.0016028881072998047 24 7 1 0.28843069076538086 1 0.3096930980682373
dataset/cstnu/0683 1 0.0018754005432128906 36 9 1 0.284745454788208 1 0.38789844512939453
dataset/cstnu/0684 1 0.001604318618774414 24 9 1 0.5912656784057617 1 0.5023493766784668
dataset/cstnu/0685 1 0.0018036365509033203 36 9 1 0.5751843452453613 1 0.544605016708374
dataset/cstnu/0686 1 0.001791238784790039 36 7 1 0.2861340045928955 1 0.31269311904907227
dataset/cstnu/0687 1 0.0024836063385009766 18 7 1 0.280254602432251 1 0.2677738666534424
dataset/cstnu/0688 1 0.001856088638305664 36 9 1 0.28359079360961914 1 0.48938417434692383
dataset/cstnu/0689 1 0.0016994476318359375 24 9 1 0.5633952617645264 1 0.7191009521484375
dataset/cstnu/0690 1 0.0020635128021240234 36 9 1 0.571641206741333 1 0.805701732635498
dataset/cstnu/0691 1 0.001644134521484375 30 9 1 0.5785531997680664 1 0.7124693393707275
dataset/cstnu/0692 1 0.0015826225280761719 18 9 1 0.5725979804992676 1 0.6152281761169434
dataset/cstnu/0693 1 0.001729726791381836 30 7 1 0.5615346431732178 1 0.49184441566467285
dataset/cstnu/0694 1 0.0015954971313476562 18 9 1 0.2797257900238037 1 0.3445930480957031
dataset/cstnu/0695 1 0.0017428398132324219 30 9 1 0.2848517894744873 1 0.3410465717315674
dataset/cstnu/0696 1 0.0017807483673095703 30 9 1 0.5781257152557373 1 0.6633801460266113
dataset/cstnu/0697 1 0.002038240432739258 36 9 1 0.28524112701416016 1 0.4629640579223633
dataset/cstnu/0698 1 0.0015490055084228516 24 9 1 0.2818152904510498 1 0.36780452728271484
dataset/cstnu/0699 1 0.0017135143280029297 30 9 1 0.30134105682373047 1 0.41794681549072266
dataset/cstnu/0700 1 0.0017118453979492188 30 9 1 0.27202415466308594 1 0.5165154933929443
dataset/cstnu/0701 1 0.001750946044921875 36 9 1 0.2803213596343994 1 0.48572468757629395
dataset/cstnu/0702 1 0.0017075538635253906 30 9 1 0.2781059741973877 1 0.3714609146118164
dataset/cstnu/0703 1 0.001767873764038086 36 9 1 0.5851082801818848 1 0.6756455898284912
dataset/cstnu/0704 1 0.0016620159149169922 30 9 1 0.29027462005615234 1 0.3996157646179199
dataset/cstnu/0705 1 0.0018770694732666016 36 9 1 0.2996330261230469 1 0.4469914436340332
dataset/cstnu/0706 1 0.001705169677734375 30 9 1 0.5707390308380127 1 1.0320289134979248
dataset/cstnu/0707 1 0.0017292499542236328 30 9 1 0.5734422206878662 1 0.657193660736084
dataset/cstnu/0708 1 0.0027251243591308594 30 9 1 0.5685837268829346 1 0.7412252426147461
dataset/cstnu/0709 1 0.001584768295288086 24 7 1 0.28154921531677246 1 0.35039520263671875
dataset/cstnu/0710 1 0.0016558170318603516 24 7 1 0.28453922271728516 1 0.34627795219421387
dataset/cstnu/0711 1 0.0015645027160644531 18 7 1 0.28081798553466797 1 0.31347227096557617
dataset/cstnu/0712 1 0.0027887821197509766 36 9 1 0.5617251396179199 1 0.7103075981140137
dataset/cstnu/0713 1 0.001583099365234375 18 7 1 0.283064603805542 1 0.2891204357147217
dataset/cstnu/0714 1 0.0017285346984863281 30 7 1 0.2847001552581787 1 0.33904457092285156
dataset/cstnu/0715 1 0.0016636848449707031 30 7 1 0.5519998073577881 1 0.48447608947753906
dataset/cstnu/0716 1 0.0017268657684326172 30 9 1 0.5788605213165283 1 0.5720980167388916
dataset/cstnu/0717 1 0.0016167163848876953 24 9 1 0.5732595920562744 1 0.8386225700378418
dataset/cstnu/0718 1 0.0018458366394042969 36 9 1 0.5665979385375977 1 0.7709441184997559
dataset/cstnu/0719 1 0.001855611801147461 36 9 1 0.5722401142120361 1 0.8283119201660156
dataset/cstnu/0720 1 0.00167083740234375 24 9 1 0.284923791885376 1 0.3424675464630127
dataset/cstnu/0721 1 0.0015370845794677734 18 7 1 0.5590126514434814 1 0.39209604263305664
dataset/cstnu/0722 1 0.0015251636505126953 24 7 1 0.5702626705169678 1 0.40282225608825684
dataset/cstnu/0723 1 0.0016760826110839844 30 9 1 0.5706851482391357 1 0.5582709312438965
dataset/cstnu/0724 1 0.0017387866973876953 30 9 1 0.5627362728118896 1 0.566490888595581
dataset/cstnu/0725 1 0.0027396678924560547 24 9 1 0.2870354652404785 1 0.33497047424316406
dataset/cstnu/0726 1 0.0015664100646972656 18 7 1 0.5526669025421143 1 0.36821484565734863
dataset/cstnu/0727 1 0.0017783641815185547 36 9 1 0.2846851348876953 1 0.37473249435424805
dataset/cstnu/0728 1 0.0016057491302490234 24 7 1 0.5590262413024902 1 0.40585970878601074
dataset/cstnu/0729 1 0.0025644302368164062 24 9 1 0.5684309005737305 1 0.5695106983184814
dataset/cstnu/0730 1 0.0016908645629882812 30 9 1 0.5606787204742432 1 0.5263352394104004
dataset/cstnu/0731 1 0.0016095638275146484 24 9 1 0.30288147926330566 1 0.34140539169311523
dataset/cstnu/0732 1 0.0017294883728027344 30 9 1 0.5696084499359131 1 0.5849671363830566
dataset/cstnu/0733 1 0.0016186237335205078 24 7 1 0.27896666526794434 1 0.2759077548980713
dataset/cstnu/0734 1 0.0017590522766113281 30 9 1 0.27892303466796875 1 0.4492805004119873
dataset/cstnu/0735 1 0.0016505718231201172 24 9 1 0.28137636184692383 1 0.3936762809753418
dataset/cstnu/0736 1 0.0017249584197998047 30 9 1 0.5996139049530029 1 0.5246987342834473
dataset/cstnu/0737 1 0.0016069412231445312 24 9 1 0.5622336864471436 1 0.4318511486053467
dataset/cstnu/0738 1 0.0016198158264160156 30 9 1 0.28163623809814453 1 0.3428921699523926
dataset/cstnu/0739 1 0.0018703937530517578 36 11 1 0.5660865306854248 1 0.9185531139373779
dataset/cstnu/0740 1 0.001621246337890625 24 9 1 0.5615334510803223 1 0.737473726272583
dataset/cstnu/0741 1 0.0017070770263671875 24 7 1 0.27832865715026855 1 0.29017043113708496
dataset/cstnu/0742 1 0.0017421245574951172 30 9 1 0.5683600902557373 1 0.6075706481933594
dataset/cstnu/0743 1 0.001726388931274414 30 9 1 0.28214073181152344 1 0.40711379051208496
dataset/cstnu/0744 1 0.001767873764038086 36 9 1 0.5826797485351562 1 0.6037285327911377
dataset/cstnu/0745 1 0.0019390583038330078 36 9 1 0.5585243701934814 1 0.8327362537384033
dataset/cstnu/0746 1 0.001653909683227539 30 9 1 0.5811893939971924 1 0.4875314235687256
dataset/cstnu/0747 1 0.0018093585968017578 36 7 1 0.27936649322509766 1 0.36997103691101074
dataset/cstnu/0748 1 0.0017545223236083984 30 9 1 0.2965257167816162 1 0.3539605140686035
dataset/cstnu/0749 1 0.0017409324645996094 36 9 1 0.28182363510131836 1 0.4495980739593506
dataset/cstnu/0750 1 0.00176239013671875 36 7 1 0.2892885208129883 1 0.3359494209289551
dataset/cstnu/0751 1 0.0017085075378417969 30 9 1 0.2878236770629883 1 0.3974571228027344
dataset/cstnu/0752 1 0.0017490386962890625 36 9 1 0.29888439178466797 1 0.44132566452026367
dataset/cstnu/0753 1 0.0017805099487304688 36 9 1 0.5693051815032959 1 0.5754096508026123
dataset/cstnu/0754 1 0.0016930103302001953 30 9 1 0.28430700302124023 1 0.4418604373931885
dataset/cstnu/0755 1 0.001750946044921875 30 9 1 0.5739753246307373 1 0.7656128406524658
dataset/cstnu/0756 1 0.0016832351684570312 30 7 1 0.5728707313537598 1 0.4478156566619873
dataset/cstnu/0757 1 0.0016586780548095703 18 9 1 0.5716428756713867 1 0.47736597061157227
dataset/cstnu/0758 1 0.0017883777618408203 36 9 1 0.28598761558532715 1 0.5325725078582764
dataset/cstnu/0759 1 0.0016739368438720703 30 9 1 0.5704944133758545 1 0.6332688331604004
dataset/cstnu/0760 1 0.0017845630645751953 36 7 1 0.565558671951294 1 0.47269582748413086
dataset/cstnu/0761 1 0.0017859935760498047 30 9 1 0.5713932514190674 1 0.6781010627746582
dataset/cstnu/0762 1 0.001619577407836914 24 7 1 0.27683472633361816 1 0.2793924808502197
dataset/cstnu/0763 1 0.0020444393157958984 36 9 1 0.5617523193359375 1 1.4351015090942383
dataset/cstnu/0764 1 0.0016918182373046875 30 9 1 0.5649299621582031 1 1.0066759586334229
dataset/cstnu/0765 1 0.0016617774963378906 24 9 1 0.5673046112060547 1 0.59291672706604
dataset/cstnu/0766 1 0.0016710758209228516 30 7 1 0.2766458988189697 1 0.3430774211883545
dataset/cstnu/0767 1 0.0017788410186767578 30 9 1 0.28012895584106445 1 0.571354866027832
dataset/cstnu/0768 1 0.0017371177673339844 36 9 1 0.5645351409912109 1 0.5797901153564453
dataset/cstnu/0769 1 0.0017940998077392578 36 9 1 0.2980508804321289 1 0.38391685485839844
dataset/cstnu/0770 1 0.001615762710571289 30 9 1 0.2966165542602539 1 0.35158300399780273
dataset/cstnu/0771 1 0.0016276836395263672 24 9 1 0.27930593490600586 1 0.4183661937713623
dataset/cstnu/0772 1 0.0018372535705566406 36 9 1 0.5664691925048828 1 0.6374702453613281
dataset/cstnu/0773 1 0.0017101764678955078 30 9 1 0.28687405586242676 1 0.3936429023742676
dataset/cstnu/0774 1 0.0015740394592285156 18 9 1 0.28266048431396484 1 0.3723132610321045
dataset/cstnu/0775 1 0.0016181468963623047 24 7 1 0.28150463104248047 1 0.29113245010375977
dataset/cstnu/0776 1 0.0017552375793457031 36 9 1 0.2975325584411621 1 0.5162937641143799
dataset/cstnu/0777 1 0.0026216506958007812 36 9 1 0.5689864158630371 1 0.9275500774383545
dataset/cstnu/0778 1 0.0017600059509277344 36 9 1 0.5766282081604004 1 0.5960884094238281
dataset/cstnu/0779 1 0.0016918182373046875 30 9 1 0.28374433517456055 1 0.40596485137939453
dataset/cstnu/0780 1 0.0016415119171142578 30 9 1 0.5595932006835938 1 0.44112205505371094
dataset/cstnu/0781 1 0.0017316341400146484 30 9 1 0.5656037330627441 1 0.5018682479858398
dataset/cstnu/0782 1 0.001728057861328125 30 9 1 0.5667510032653809 1 0.5090000629425049
dataset/cstnu/0783 1 0.0017740726470947266 36 9 1 0.2867472171783447 1 0.4713258743286133
dataset/cstnu/0784 1 0.0017158985137939453 30 9 1 0.5641734600067139 1 0.5506851673126221
dataset/cstnu/0785 1 0.0017096996307373047 36 9 1 0.2828822135925293 1 0.4635336399078369
dataset/cstnu/0786 1 0.0015721321105957031 18 7 1 0.2821335792541504 1 0.26845788955688477
dataset/cstnu/0787 1 0.0015380382537841797 24 9 1 0.2809302806854248 1 0.4232008457183838
dataset/cstnu/0788 1 0.0016531944274902344 18 9 1 0.5787539482116699 1 0.5819177627563477
dataset/cstnu/0789 1 0.0019526481628417969 36 9 1 0.5747232437133789 1 0.8023648262023926
dataset/cstnu/0790 1 0.0016362667083740234 24 9 1 0.5556373596191406 1 0.6076531410217285
dataset/cstnu/0791 1 0.0018851757049560547 36 9 1 0.5701618194580078 1 0.6716701984405518
dataset/cstnu/0792 1 0.0016927719116210938 30 9 1 0.5661983489990234 1 0.5536627769470215
dataset/cstnu/0793 1 0.0015997886657714844 24 7 1 0.29038286209106445 1 0.3343203067779541
dataset/cstnu/0794 1 0.001809835433959961 30 11 1 0.5602188110351562 1 1.2898216247558594
dataset/cstnu/0795 1 0.0018527507781982422 36 9 1 0.5776164531707764 1 0.6742415428161621
dataset/cstnu/0796 1 0.0016448497772216797 18 9 1 0.5677568912506104 1 0.4917435646057129
dataset/cstnu/0797 1 0.0016939640045166016 30 9 1 0.5717241764068604 1 0.6678926944732666
dataset/cstnu/0798 1 0.0016150474548339844 24 9 1 0.28934764862060547 1 0.3114790916442871
dataset/cstnu/0799 1 0.0016808509826660156 30 7 1 0.2798795700073242 1 0.324312686920166
dataset/cstnu/0800 1 0.0017099380493164062 24 7 1 0.2936713695526123 1 0.33218812942504883
dataset/cstnu/0801 1 0.0018777847290039062 30 9 1 0.5742249488830566 1 0.7482290267944336
dataset/cstnu/0802 1 0.0018510818481445312 36 9 1 0.5761620998382568 1 0.6112079620361328
dataset/cstnu/0803 1 0.0017828941345214844 36 9 1 0.5654737949371338 1 0.5025644302368164
dataset/cstnu/0804 1 0.0017478466033935547 30 9 1 0.5751996040344238 1 0.5736887454986572
dataset/cstnu/0805 1 0.0015697479248046875 18 9 1 0.2783777713775635 1 0.3603672981262207
dataset/cstnu/0806 1 0.0017752647399902344 30 9 1 0.5655958652496338 1 0.608018159866333
dataset/cstnu/0807 1 0.0015625953674316406 24 7 1 0.5598788261413574 1 0.4814937114715576
dataset/cstnu/0808 1 0.0018367767333984375 36 9 1 0.5756945610046387 1 1.414581060409546
dataset/cstnu/0809 1 0.0015823841094970703 24 7 1 0.5744147300720215 1 0.39774632453918457
dataset/cstnu/0810 1 0.001833200454711914 36 9 1 0.28727245330810547 1 0.44478845596313477
dataset/cstnu/0811 1 0.0015904903411865234 18 9 1 0.28613901138305664 1 0.36757612228393555
dataset/cstnu/0812 1 0.0018410682678222656 36 9 1 0.5713849067687988 1 0.7327189445495605
dataset/cstnu/0813 1 0.0017642974853515625 36 9 1 0.5707755088806152 1 0.6099014282226562
dataset/cstnu/0814 1 0.0016050338745117188 24 7 1 0.28101468086242676 1 0.28275251388549805
dataset/cstnu/0815 1 0.001619577407836914 18 7 1 0.2829625606536865 1 0.2650113105773926
dataset/cstnu/0816 1 0.0017895698547363281 36 9 1 0.2961606979370117 1 0.5234262943267822
dataset/cstnu/0817 1 0.0017075538635253906 30 9 1 0.5644242763519287 1 0.6172065734863281
dataset/cstnu/0818 1 0.0017516613006591797 36 9 1 0.29085803031921387 1 0.49054598808288574
dataset/cstnu/0819 1 0.0015840530395507812 18 7 1 0.27800798416137695 1 0.31031131744384766
dataset/cstnu/0820 1 0.0017499923706054688 30 9 1 0.29175662994384766 1 0.38390326499938965
dataset/cstnu/0821 1 0.001773834228515625 36 9 1 0.568657636642456 1 0.5528120994567871
dataset/cstnu/0822 1 0.001768350601196289 30 9 1 0.5836882591247559 1 0.6625831127166748
dataset/cstnu/0823 1 0.0018076896667480469 36 9 1 0.562213659286499 1 0.6605374813079834
dataset/cstnu/0824 1 0.0017821788787841797 36 9 1 0.5773146152496338 1 0.9447808265686035
dataset/cstnu/0825 1 0.0017764568328857422 36 9 1 0.5599682331085205 1 0.7860713005065918
dataset/cstnu/0826 1 0.0016322135925292969 30 9 1 0.2908518314361572 1 0.36852383613586426
dataset/cstnu/0827 1 0.0017418861389160156 30 9 1 0.5643465518951416 1 0.6717529296875
dataset/cstnu/0828 1 0.0015790462493896484 24 9 1 0.5762965679168701 1 0.6197078227996826
dataset/cstnu/0829 1 0.0016901493072509766 36 9 1 0.3009183406829834 1 0.31433582305908203
dataset/cstnu/0830 1 0.0016295909881591797 24 9 1 0.5813148021697998 1 0.468517541885376
dataset/cstnu/0831 1 0.0016720294952392578 24 11 1 0.5646440982818604 1 0.6878864765167236
dataset/cstnu/0832 1 0.0016798973083496094 24 9 1 0.2941622734069824 1 0.39728641510009766
dataset/cstnu/0833 1 0.0016338825225830078 24 9 1 0.5670504570007324 1 0.9277632236480713
dataset/cstnu/0834 1 0.0017452239990234375 30 9 1 0.5883116722106934 1 0.6193583011627197
dataset/cstnu/0835 1 0.001779794692993164 36 9 1 0.5751078128814697 1 0.6715006828308105
dataset/cstnu/0836 1 0.0017518997192382812 30 9 1 0.5861806869506836 1 0.5827534198760986
dataset/cstnu/0837 1 0.0016467571258544922 24 9 1 0.5713727474212646 1 0.7514917850494385
dataset/cstnu/0838 1 0.0016264915466308594 24 9 1 0.5735781192779541 1 0.5770347118377686
dataset/cstnu/0839 1 0.0018868446350097656 36 9 1 0.5755126476287842 1 0.800300121307373
dataset/cstnu/0840 1 0.001726388931274414 30 9 1 0.2825195789337158 1 0.3927156925201416
dataset/cstnu/0841 1 0.0018551349639892578 36 9 1 0.5792756080627441 1 0.6285085678100586
dataset/cstnu/0842 1 0.0019855499267578125 36 9 1 0.5638656616210938 1 0.6433522701263428
dataset/cstnu/0843 1 0.0016789436340332031 30 9 1 0.28482961654663086 1 0.4407331943511963
dataset/cstnu/0844 1 0.001722574234008789 30 7 1 0.2878563404083252 1 0.31267619132995605
dataset/cstnu/0845 1 0.0018393993377685547 30 9 1 0.5741488933563232 1 0.6242125034332275
dataset/cstnu/0846 1 0.0017681121826171875 36 9 1 0.5771439075469971 1 0.5847833156585693
dataset/cstnu/0847 1 0.0018427371978759766 36 9 1 0.5739128589630127 1 0.4426734447479248
dataset/cstnu/0848 1 0.0016574859619140625 30 9 1 0.5771136283874512 1 0.6071546077728271
dataset/cstnu/0849 1 0.0029680728912353516 36 9 1 0.572223424911499 1 0.8930552005767822
dataset/cstnu/0850 1 0.0016188621520996094 24 7 1 0.2887585163116455 1 0.3334622383117676
dataset/cstnu/0851 1 0.0018243789672851562 36 9 1 0.5644924640655518 1 0.595501184463501
dataset/cstnu/0852 1 0.0017826557159423828 36 9 1 0.28437352180480957 1 0.47809267044067383
dataset/cstnu/0853 1 0.0016684532165527344 36 9 1 0.2807939052581787 1 0.49448227882385254
dataset/cstnu/0854 1 0.0016291141510009766 24 9 1 0.28940916061401367 1 0.3700995445251465
dataset/cstnu/0855 1 0.0015971660614013672 24 7 1 0.5701935291290283 1 0.33055686950683594
dataset/cstnu/0856 1 0.0018470287322998047 36 9 1 0.5636589527130127 1 0.6911859512329102
dataset/cstnu/0857 1 0.0018641948699951172 36 9 1 0.6147091388702393 1 0.783991813659668
dataset/cstnu/0858 1 0.0018134117126464844 36 9 1 0.27996325492858887 1 0.3780326843261719
dataset/cstnu/0859 1 0.0016977787017822266 30 9 1 0.28991198539733887 1 0.3418307304382324
dataset/cstnu/0860 1 0.0017845630645751953 36 9 1 0.5737509727478027 1 0.6659543514251709
dataset/cstnu/0861 1 0.0016624927520751953 30 9 1 0.3226332664489746 1 0.4005274772644043
dataset/cstnu/0862 1 0.0018002986907958984 24 9 1 0.5649199485778809 1 0.7522306442260742
dataset/cstnu/0863 1 0.001992940902709961 36 9 1 0.2900979518890381 1 0.3773002624511719
dataset/cstnu/0864 1 0.0016298294067382812 18 9 1 0.2808206081390381 1 0.3343358039855957
dataset/cstnu/0865 1 0.0017786026000976562 24 9 1 0.5679078102111816 1 0.5765480995178223
dataset/cstnu/0866 1 0.0017855167388916016 30 9 1 0.5857334136962891 1 0.5838959217071533
dataset/cstnu/0867 1 0.0017964839935302734 36 9 1 0.5763535499572754 1 0.7529220581054688
dataset/cstnu/0868 1 0.001734018325805664 30 9 1 0.2818725109100342 1 0.38418126106262207
dataset/cstnu/0869 1 0.0016934871673583984 18 9 1 0.5694925785064697 1 0.6284303665161133
dataset/cstnu/0870 1 0.0017824172973632812 36 9 1 0.28760266304016113 1 0.36959385871887207
dataset/cstnu/0871 1 0.0017125606536865234 30 9 1 0.28289365768432617 1 0.34561872482299805
dataset/cstnu/0872 1 0.0017631053924560547 36 9 1 0.564934492111206 1 0.9437777996063232
dataset/cstnu/0873 1 0.0018029212951660156 36 9 1 0.28191399574279785 1 0.45424771308898926
dataset/cstnu/0874 1 0.0017333030700683594 30 9 1 0.568936824798584 1 0.6771044731140137
dataset/cstnu/0875 1 0.001535177230834961 18 7 1 0.27990269660949707 1 0.31061220169067383
dataset/cstnu/0876 1 0.0018124580383300781 36 9 1 0.5684840679168701 1 0.7048168182373047
dataset/cstnu/0877 1 0.0015704631805419922 24 7 1 0.5630180835723877 1 0.4002692699432373
dataset/cstnu/0878 1 0.0018515586853027344 36 9 1 0.5622975826263428 1 0.6929459571838379
dataset/cstnu/0879 1 0.0018515586853027344 36 9 1 0.2838151454925537 1 0.38736653327941895
dataset/cstnu/0880 1 0.0019228458404541016 36 9 1 0.2758913040161133 1 0.4055757522583008
dataset/cstnu/0881 1 0.0027132034301757812 36 9 1 0.2852153778076172 1 0.45760011672973633
dataset/cstnu/0882 1 0.0015416145324707031 18 5 1 0.2781097888946533 1 0.25166940689086914
dataset/cstnu/0883 1 0.0018863677978515625 24 9 1 0.5753021240234375 1 0.7776346206665039
dataset/cstnu/0884 1 0.0017974376678466797 36 9 1 0.5693728923797607 1 0.588759183883667
dataset/cstnu/0885 1 0.0017273426055908203 30 9 1 0.5555245876312256 1 0.44872212409973145
dataset/cstnu/0886 1 0.0015571117401123047 18 9 1 0.2831230163574219 1 0.41565918922424316
dataset/cstnu/0887 1 0.0018439292907714844 36 9 1 0.5853712558746338 1 0.5538711547851562
dataset/cstnu/0888 1 0.0018134117126464844 36 9 1 0.5706312656402588 1 0.722956657409668
dataset/cstnu/0889 1 0.001779317855834961 24 7 1 0.5663397312164307 1 0.46475672721862793
dataset/cstnu/0890 1 0.0018076896667480469 36 9 1 0.28450822830200195 1 0.39908409118652344
dataset/cstnu/0891 1 0.0015637874603271484 24 7 1 0.28258323669433594 1 0.2939901351928711
dataset/cstnu/0892 1 0.0017888545989990234 36 9 1 0.5791957378387451 1 0.8360912799835205
dataset/cstnu/0893 1 0.0016949176788330078 30 9 1 0.2883727550506592 1 0.38023829460144043
dataset/cstnu/0894 1 0.001802682876586914 36 9 1 0.5747616291046143 1 0.8171696662902832
dataset/cstnu/0895 1 0.0018537044525146484 36 9 1 0.5656571388244629 1 0.5698363780975342
dataset/cstnu/0896 1 0.0016701221466064453 24 9 1 0.5687518119812012 1 0.6034090518951416
dataset/cstnu/0897 1 0.001764535903930664 36 9 1 0.5806934833526611 1 0.5643415451049805
dataset/cstnu/0898 1 0.001758575439453125 36 9 1 0.5764179229736328 1 0.6860494613647461
dataset/cstnu/0899 1 0.001859903335571289 36 9 1 0.5728561878204346 1 0.6053972244262695
dataset/cstnu/0900 1 0.0017387866973876953 18 9 1 0.2864711284637451 1 0.4102444648742676
dataset/cstnu/0901 1 0.0024831295013427734 24 9 1 0.2898826599121094 1 0.4344637393951416
dataset/cstnu/0902 1 0.0017685890197753906 36 9 1 0.5679385662078857 1 0.5874171257019043
dataset/cstnu/0903 1 0.0017085075378417969 30 9 1 0.5746655464172363 1 0.4882392883300781
dataset/cstnu/0904 1 0.001651763916015625 30 7 1 0.29097986221313477 1 0.2861480712890625
dataset/cstnu/0905 1 0.0016932487487792969 30 9 1 0.5708765983581543 1 0.5616037845611572
dataset/cstnu/0906 1 0.001641988754272461 24 9 1 0.29195666313171387 1 0.3943910598754883
dataset/cstnu/0907 1 0.0016925334930419922 36 7 1 0.5665838718414307 1 0.42248106002807617
dataset/cstnu/0908 1 0.0016753673553466797 24 9 1 0.5692427158355713 1 0.5638868808746338
dataset/cstnu/0909 1 0.0016469955444335938 24 9 1 0.2848544120788574 1 0.38878560066223145
dataset/cstnu/0910 1 0.0018036365509033203 30 9 1 0.5919597148895264 1 0.7164480686187744
dataset/cstnu/0911 1 0.0017619132995605469 36 7 1 0.5647835731506348 1 0.4726901054382324
dataset/cstnu/0912 1 0.0017740726470947266 36 9 1 0.28337931632995605 1 0.3550424575805664
dataset/cstnu/0913 1 0.001728057861328125 30 9 1 0.2943251132965088 1 0.3903236389160156
dataset/cstnu/0914 1 0.001592874526977539 24 7 1 0.570690393447876 1 0.3750877380371094
dataset/cstnu/0915 1 0.001628875732421875 24 9 1 0.3027660846710205 1 0.4183166027069092
dataset/cstnu/0916 1 0.0016388893127441406 24 7 1 0.2849898338317871 1 0.3484218120574951
dataset/cstnu/0917 1 0.001710653305053711 30 9 1 0.5801022052764893 1 0.7090528011322021
dataset/cstnu/0918 1 0.0016026496887207031 18 9 1 0.2845275402069092 1 0.3221430778503418
dataset/cstnu/0919 1 0.0024662017822265625 18 7 1 0.2863194942474365 1 0.2828233242034912
dataset/cstnu/0920 1 0.0017402172088623047 24 9 1 0.567720890045166 1 0.5051488876342773
dataset/cstnu/0921 1 0.0017414093017578125 36 9 1 0.5735747814178467 1 0.5802710056304932
dataset/cstnu/0922 1 0.0018315315246582031 36 9 1 0.2867908477783203 1 0.388197660446167
dataset/cstnu/0923 1 0.0017566680908203125 36 9 1 0.5811457633972168 1 0.7456293106079102
dataset/cstnu/0924 1 0.0016739368438720703 30 7 1 0.2847929000854492 1 0.33501362800598145
dataset/cstnu/0925 1 0.0018377304077148438 36 9 1 0.5696954727172852 1 0.5462222099304199
dataset/cstnu/0926 1 0.002496480941772461 24 9 1 0.2864108085632324 1 0.36748433113098145
dataset/cstnu/0927 1 0.0016858577728271484 24 9 1 0.28822970390319824 1 0.34184741973876953
dataset/cstnu/0928 1 0.0018010139465332031 36 9 1 0.571216344833374 1 0.5263581275939941
dataset/cstnu/0929 1 0.0017025470733642578 24 9 1 0.2873189449310303 1 0.3681764602661133
dataset/cstnu/0930 1 0.002645254135131836 18 7 1 0.5703144073486328 1 0.47780275344848633
dataset/cstnu/0931 1 0.0017521381378173828 36 7 1 0.5683555603027344 1 0.4239952564239502
dataset/cstnu/0932 1 0.001768350601196289 30 9 1 0.2829170227050781 1 0.5398452281951904
dataset/cstnu/0933 1 0.0018143653869628906 36 9 1 0.5741658210754395 1 0.5616395473480225
dataset/cstnu/0934 1 0.0016243457794189453 30 9 1 0.5690367221832275 1 0.647111177444458
dataset/cstnu/0935 1 0.0016896724700927734 24 9 1 0.2848966121673584 1 0.35529375076293945
dataset/cstnu/0936 1 0.0016789436340332031 30 9 1 0.29062628746032715 1 0.39517903327941895
dataset/cstnu/0937 1 0.002971172332763672 36 9 1 0.5882046222686768 1 0.5431914329528809
dataset/cstnu/0938 1 0.0017247200012207031 24 9 1 0.5728890895843506 1 0.57082200050354
dataset/cstnu/0939 1 0.0017621517181396484 36 9 1 0.5701029300689697 1 0.7235455513000488
dataset/cstnu/0940 1 0.0026395320892333984 30 9 1 0.5740795135498047 1 0.5739753246307373
dataset/cstnu/0941 1 0.0018260478973388672 30 9 1 0.2826669216156006 1 0.40225744247436523
dataset/cstnu/0942 1 0.0018463134765625 30 9 1 0.5735204219818115 1 0.6580660343170166
dataset/cstnu/0943 1 0.0018298625946044922 30 9 1 0.577378511428833 1 0.9248912334442139
dataset/cstnu/0944 1 0.0018317699432373047 30 9 1 0.2835357189178467 1 0.4465458393096924
dataset/cstnu/0945 1 0.0018820762634277344 36 9 1 0.28325653076171875 1 0.35526180267333984
dataset/cstnu/0946 1 0.0016503334045410156 30 9 1 0.5856385231018066 1 0.6221415996551514
dataset/cstnu/0947 1 0.0014355182647705078 18 7 1 0.281888484954834 1 0.27278876304626465
dataset/cstnu/0948 1 0.0017399787902832031 30 9 1 0.29312872886657715 1 0.43241357803344727
dataset/cstnu/0949 1 0.0017619132995605469 36 9 1 0.2837955951690674 1 0.3360564708709717
dataset/cstnu/0950 1 0.0018169879913330078 36 9 1 0.5718140602111816 1 0.7372932434082031
dataset/cstnu/0951 1 0.0017933845520019531 30 9 1 0.562659502029419 1 0.7652006149291992
dataset/cstnu/0952 1 0.0017604827880859375 30 9 1 0.5829145908355713 1 0.5652074813842773
dataset/cstnu/0953 1 0.0017745494842529297 30 9 1 0.2866852283477783 1 0.36598706245422363
dataset/cstnu/0954 1 0.0016109943389892578 24 7 1 0.2821230888366699 1 0.3084402084350586
dataset/cstnu/0955 1 0.0015606880187988281 18 7 1 0.2907280921936035 1 0.32233190536499023
dataset/cstnu/0956 1 0.0018410682678222656 36 9 1 0.5692832469940186 1 0.6793017387390137
dataset/cstnu/0957 1 0.0015077590942382812 18 7 1 0.5599808692932129 1 0.4255218505859375
dataset/cstnu/0958 1 0.0016934871673583984 36 7 1 0.28132033348083496 1 0.3113231658935547
dataset/cstnu/0959 1 0.0016248226165771484 24 9 1 0.5759427547454834 1 0.816887617111206
dataset/cstnu/0960 1 0.0017120838165283203 36 7 1 0.2843058109283447 1 0.32047224044799805
dataset/cstnu/0961 1 0.001688241958618164 24 9 1 0.578423261642456 1 0.8514535427093506
dataset/cstnu/0962 1 0.0017528533935546875 36 9 1 0.2903923988342285 1 0.36573052406311035
dataset/cstnu/0963 1 0.0017981529235839844 30 9 1 0.5749881267547607 1 0.5904650688171387
dataset/cstnu/0964 1 0.0017380714416503906 36 7 1 0.280472993850708 1 0.3476898670196533
dataset/cstnu/0965 1 0.0015819072723388672 18 9 1 0.28107357025146484 1 0.33138203620910645
dataset/cstnu/0966 1 0.0016825199127197266 30 7 1 0.5673623085021973 1 0.3605217933654785
dataset/cstnu/0967 1 0.0017752647399902344 36 9 1 0.5743021965026855 1 0.8520553112030029
dataset/cstnu/0968 1 0.0017437934875488281 30 9 1 0.5849213600158691 1 0.509925127029419
dataset/cstnu/0969 1 0.0017750263214111328 36 9 1 0.28795695304870605 1 0.4042212963104248
dataset/cstnu/0970 1 0.0017123222351074219 30 9 1 0.5628736019134521 1 0.6680445671081543
dataset/cstnu/0971 1 0.0016074180603027344 24 9 1 0.5775492191314697 1 0.42301011085510254
dataset/cstnu/0972 1 0.0017650127410888672 36 9 1 0.27619385719299316 1 0.3398451805114746
dataset/cstnu/0973 1 0.00196075439453125 30 9 1 0.2838099002838135 1 0.36838459968566895
dataset/cstnu/0974 1 0.0017495155334472656 36 9 1 0.28214383125305176 1 0.39839768409729004
dataset/cstnu/0975 1 0.001794576644897461 36 9 1 0.567535400390625 1 0.8036534786224365
dataset/cstnu/0976 1 0.0017583370208740234 36 7 1 0.2815361022949219 1 0.3105309009552002
dataset/cstnu/0977 1 0.0018165111541748047 36 9 1 0.5661525726318359 1 0.651749849319458
dataset/cstnu/0978 1 0.0016987323760986328 30 9 1 0.5970230102539062 1 0.5796644687652588
dataset/cstnu/0979 1 0.001810312271118164 24 9 1 0.28180575370788574 1 0.40553975105285645
dataset/cstnu/0980 1 0.0020325183868408203 36 9 1 0.5660030841827393 1 0.5760395526885986
dataset/cstnu/0981 1 0.001809835433959961 36 9 1 0.28118371963500977 1 0.4891469478607178
dataset/cstnu/0982 1 0.0024945735931396484 30 9 1 0.5594415664672852 1 0.6625628471374512
dataset/cstnu/0983 1 0.0017671585083007812 36 9 1 0.2993125915527344 1 0.381101131439209
dataset/cstnu/0984 1 0.0017921924591064453 30 9 1 0.5726778507232666 1 0.5550298690795898
dataset/cstnu/0985 1 0.0017473697662353516 36 7 1 0.28197360038757324 1 0.31284427642822266
dataset/cstnu/0986 1 0.0017573833465576172 36 7 1 0.5572001934051514 1 0.45621204376220703
dataset/cstnu/0987 1 0.0016603469848632812 24 9 1 0.6041162014007568 1 0.4600036144256592
dataset/cstnu/0988 1 0.001649618148803711 30 7 1 0.27510714530944824 1 0.32246828079223633
dataset/cstnu/0989 1 0.0017235279083251953 30 9 1 0.5616304874420166 1 0.7994899749755859
dataset/cstnu/0990 1 0.001623392105102539 24 7 1 0.5751597881317139 1 0.38016343116760254
dataset/cstnu/0991 1 0.0018191337585449219 36 9 1 0.5624661445617676 1 0.7982738018035889
dataset/cstnu/0992 1 0.002478361129760742 18 9 1 0.5656521320343018 1 0.5746862888336182
dataset/cstnu/0993 1 0.001787424087524414 36 7 1 0.29355525970458984 1 0.30756640434265137
dataset/cstnu/0994 1 0.0016140937805175781 24 9 1 0.5727479457855225 1 0.6492257118225098
dataset/cstnu/0995 1 0.0016741752624511719 30 9 1 0.561352014541626 1 0.5713100433349609
dataset/cstnu/0996 1 0.0016574859619140625 30 9 1 0.566103458404541 1 0.5520813465118408
dataset/cstnu/0997 1 0.0017209053039550781 30 9 1 0.5635778903961182 1 0.7996833324432373
dataset/cstnu/0998 1 0.0015912055969238281 24 7 1 0.2824108600616455 1 0.2804384231567383
dataset/cstnu/0999 1 0.0017218589782714844 30 9 1 0.28657031059265137 1 0.3450160026550293
dataset/cstnu/1000 1 0.0018646717071533203 36 9 1 0.573383092880249 1 0.8981432914733887
