dataset/cstn/0001 1 0.0018374919891357422 40 11 1 2.1777291297912598 1 1.1900768280029297
dataset/cstn/0002 1 0.0017533302307128906 32 11 1 0.5614457130432129 1 0.5496954917907715
dataset/cstn/0003 1 0.0020079612731933594 48 11 1 0.5676116943359375 1 0.5413029193878174
dataset/cstn/0004 1 0.0017199516296386719 32 11 1 0.5656735897064209 1 0.49692702293395996
dataset/cstn/0005 1 0.001967191696166992 48 11 1 0.5690534114837646 1 0.6366078853607178
dataset/cstn/0006 1 0.0016841888427734375 24 11 1 0.27930736541748047 1 0.5181176662445068
dataset/cstn/0007 1 0.001680612564086914 24 11 1 0.5743293762207031 1 0.475649356842041
dataset/cstn/0008 1 0.0016248226165771484 32 9 1 0.2842583656311035 1 0.2753257751464844
dataset/cstn/0009 1 0.0018873214721679688 24 13 1 0.5684776306152344 1 0.6621840000152588
dataset/cstn/0010 1 0.0018033981323242188 40 11 1 0.5595364570617676 1 0.7210121154785156
dataset/cstn/0011 1 0.001992464065551758 48 11 1 0.5502476692199707 1 0.82102370262146
dataset/cstn/0012 1 0.0027456283569335938 40 11 1 0.5781092643737793 1 0.7826979160308838
dataset/cstn/0013 1 0.0016849040985107422 24 11 1 0.5669147968292236 1 0.5104126930236816
dataset/cstn/0014 1 0.0017261505126953125 24 11 1 0.2891521453857422 1 0.3807811737060547
dataset/cstn/0015 1 0.002023935317993164 32 11 1 0.5613281726837158 1 0.6129605770111084
dataset/cstn/0016 1 0.0016443729400634766 24 11 1 0.5575356483459473 1 0.7066574096679688
dataset/cstn/0017 1 0.0016376972198486328 24 11 1 0.562903642654419 1 0.4796333312988281
dataset/cstn/0018 1 0.001706838607788086 32 11 1 0.2816038131713867 1 0.5258796215057373
dataset/cstn/0019 1 0.002138376235961914 48 11 1 0.5613431930541992 1 0.9677927494049072
dataset/cstn/0020 1 0.0017213821411132812 32 11 1 0.5769109725952148 1 1.0634019374847412
dataset/cstn/0021 1 0.0018603801727294922 24 9 1 0.28794002532958984 1 0.33531713485717773
dataset/cstn/0022 1 0.002023935317993164 48 11 1 0.5617508888244629 1 0.5824635028839111
dataset/cstn/0023 1 0.001684427261352539 32 11 1 0.2840292453765869 1 0.37499165534973145
dataset/cstn/0024 1 0.002054929733276367 48 11 1 0.5650057792663574 1 0.8656668663024902
dataset/cstn/0025 1 0.001683950424194336 32 11 1 0.28418660163879395 1 0.48156261444091797
dataset/cstn/0026 1 0.0017478466033935547 32 13 1 0.5603723526000977 1 0.8083055019378662
dataset/cstn/0027 1 0.0017566680908203125 32 13 1 0.5699002742767334 1 0.7537670135498047
dataset/cstn/0028 1 0.0018143653869628906 40 11 1 0.564155101776123 1 0.6089422702789307
dataset/cstn/0029 1 0.0020346641540527344 48 11 1 0.5551230907440186 1 0.8912880420684814
dataset/cstn/0030 1 0.0017316341400146484 32 11 1 0.5617861747741699 1 0.5544073581695557
dataset/cstn/0031 1 0.0017659664154052734 32 11 1 0.5739874839782715 1 0.6205601692199707
dataset/cstn/0032 1 0.001997232437133789 48 11 1 0.5577723979949951 1 0.7559638023376465
dataset/cstn/0033 1 0.0018382072448730469 48 11 1 0.5687353610992432 1 0.8322584629058838
dataset/cstn/0034 1 0.002035856246948242 48 11 1 0.5524249076843262 1 0.8318753242492676
dataset/cstn/0035 1 0.0020520687103271484 48 11 1 0.5675475597381592 1 0.7266685962677002
dataset/cstn/0036 1 0.0029633045196533203 48 11 1 0.5649070739746094 1 0.5577676296234131
dataset/cstn/0037 1 0.0018835067749023438 40 11 1 0.5657103061676025 1 0.8084356784820557
dataset/cstn/0038 1 0.002026796340942383 48 11 1 0.5597121715545654 1 0.8191792964935303
dataset/cstn/0039 1 0.00272369384765625 48 11 1 0.27861475944519043 1 0.3707575798034668
dataset/cstn/0040 1 0.0018107891082763672 40 11 1 0.5708410739898682 1 0.9285988807678223
dataset/cstn/0041 1 0.0015943050384521484 24 11 1 0.2953927516937256 1 0.33406591415405273
dataset/cstn/0042 1 0.0017313957214355469 32 11 1 0.5714664459228516 1 0.5947775840759277
dataset/cstn/0043 1 0.0018186569213867188 32 11 1 0.561760425567627 1 0.6230089664459229
dataset/cstn/0044 1 0.0018301010131835938 24 11 1 0.564612865447998 1 0.6452715396881104
dataset/cstn/0045 1 0.0018465518951416016 40 11 1 0.2838325500488281 1 0.4867103099822998
dataset/cstn/0046 1 0.0019533634185791016 48 11 1 0.2811131477355957 1 0.5404064655303955
dataset/cstn/0047 1 0.0017082691192626953 32 11 1 0.5592401027679443 1 0.5351853370666504
dataset/cstn/0048 1 0.0016753673553466797 24 11 1 0.559159517288208 1 3.1794488430023193
dataset/cstn/0049 1 0.0018792152404785156 48 11 1 0.2818264961242676 1 0.5344371795654297
dataset/cstn/0050 1 0.0017981529235839844 32 13 1 0.5603525638580322 1 1.3412013053894043
dataset/cstn/0051 1 0.0017421245574951172 32 11 1 0.2818455696105957 1 0.40714526176452637
dataset/cstn/0052 1 0.0016808509826660156 24 11 1 0.5673477649688721 1 0.5311381816864014
dataset/cstn/0053 1 0.0019736289978027344 48 11 1 0.5600852966308594 1 0.8484604358673096
dataset/cstn/0054 1 0.0016407966613769531 24 11 1 0.28626322746276855 1 0.3520190715789795
dataset/cstn/0055 1 0.001972198486328125 48 11 1 0.559903621673584 1 0.7008752822875977
dataset/cstn/0056 1 0.0018703937530517578 48 11 1 0.5582728385925293 1 1.0021336078643799
dataset/cstn/0057 1 0.0017445087432861328 32 11 1 0.28502607345581055 1 0.34667491912841797
dataset/cstn/0058 1 0.0019328594207763672 48 11 1 0.5638856887817383 1 0.9813835620880127
dataset/cstn/0059 1 0.0019271373748779297 48 11 1 0.5618348121643066 1 0.8199925422668457
dataset/cstn/0060 1 0.0018093585968017578 40 11 1 0.5760209560394287 1 0.8335709571838379
dataset/cstn/0061 1 0.0017242431640625 32 11 1 0.5615890026092529 1 0.6476550102233887
dataset/cstn/0062 1 0.0016970634460449219 32 11 1 0.2876403331756592 1 0.46308135986328125
dataset/cstn/0063 1 0.0018000602722167969 40 11 1 0.2943108081817627 1 0.5495510101318359
dataset/cstn/0064 1 0.0016293525695800781 24 9 1 0.5594353675842285 1 0.45052289962768555
dataset/cstn/0065 1 0.001798868179321289 40 11 1 0.27134108543395996 1 0.44089698791503906
dataset/cstn/0066 1 0.001714468002319336 32 11 1 0.5625202655792236 1 0.726691722869873
dataset/cstn/0067 1 0.0027201175689697266 40 11 1 0.5833263397216797 1 0.7021596431732178
dataset/cstn/0068 1 0.001932382583618164 40 11 1 0.5697879791259766 1 0.5521204471588135
dataset/cstn/0069 1 0.001743316650390625 32 11 1 0.28136706352233887 1 0.3869643211364746
dataset/cstn/0070 1 0.0017771720886230469 32 11 1 0.2841298580169678 1 0.3514423370361328
dataset/cstn/0071 1 0.0018389225006103516 40 11 1 0.5652961730957031 1 0.6791753768920898
dataset/cstn/0072 1 0.0018427371978759766 40 11 1 0.280545711517334 1 0.5167970657348633
dataset/cstn/0073 1 0.0019884109497070312 48 11 1 0.5600943565368652 1 0.8572976589202881
dataset/cstn/0074 1 0.0019080638885498047 48 11 1 0.5650522708892822 1 0.8268153667449951
dataset/cstn/0075 1 0.001722574234008789 32 11 1 0.2836606502532959 1 0.3822360038757324
dataset/cstn/0076 1 0.0019943714141845703 48 11 1 0.5838215351104736 1 0.9396624565124512
dataset/cstn/0077 1 0.0019087791442871094 40 11 1 0.548487663269043 1 0.7612810134887695
dataset/cstn/0078 1 0.0016582012176513672 24 11 1 0.28524160385131836 1 0.3335249423980713
dataset/cstn/0079 1 0.0019011497497558594 48 11 1 0.5620291233062744 1 0.6790924072265625
dataset/cstn/0080 1 0.0017538070678710938 32 11 1 0.5783932209014893 1 0.6502408981323242
dataset/cstn/0081 1 0.0019571781158447266 48 11 1 0.5676846504211426 1 0.8991110324859619
dataset/cstn/0082 1 0.0017459392547607422 32 11 1 0.28394627571105957 1 0.504204273223877
dataset/cstn/0083 1 0.001960277557373047 48 11 1 0.5655205249786377 1 0.7211220264434814
dataset/cstn/0084 1 0.0020182132720947266 48 11 1 0.5534813404083252 1 0.5885319709777832
dataset/cstn/0085 1 0.0017480850219726562 32 11 1 0.28372907638549805 1 0.4851264953613281
dataset/cstn/0086 1 0.0016930103302001953 32 11 1 0.2793879508972168 1 0.5382654666900635
dataset/cstn/0087 1 0.0016260147094726562 24 9 1 0.28261494636535645 1 0.30121326446533203
dataset/cstn/0088 1 0.001943826675415039 40 11 1 0.2801940441131592 1 0.5461125373840332
dataset/cstn/0089 1 0.0017390251159667969 32 9 1 0.5627546310424805 1 0.49927711486816406
dataset/cstn/0090 1 0.001837015151977539 40 11 1 0.2798283100128174 1 0.5750534534454346
dataset/cstn/0091 1 0.001958608627319336 48 11 1 0.570772647857666 1 0.627948522567749
dataset/cstn/0092 1 0.0017426013946533203 32 11 1 0.2860696315765381 1 0.37609434127807617
dataset/cstn/0093 1 0.001886129379272461 40 11 1 0.5587546825408936 1 0.6853888034820557
dataset/cstn/0094 1 0.0018146038055419922 32 13 1 0.2784407138824463 1 0.38654422760009766
dataset/cstn/0095 1 0.0017054080963134766 32 11 1 0.29649996757507324 1 0.3952939510345459
dataset/cstn/0096 1 0.0018110275268554688 40 11 1 0.2818930149078369 1 0.4874308109283447
dataset/cstn/0097 1 0.0015408992767333984 24 11 1 0.2875504493713379 1 0.4592471122741699
dataset/cstn/0098 1 0.0019910335540771484 48 11 1 0.5775222778320312 1 0.7713048458099365
dataset/cstn/0099 1 0.0018930435180664062 48 11 1 0.29143190383911133 1 0.4921753406524658
dataset/cstn/0100 1 0.0018122196197509766 40 11 1 0.28531551361083984 1 0.4492313861846924
dataset/cstn/0101 1 0.0015850067138671875 24 9 1 0.276763916015625 1 0.28109216690063477
dataset/cstn/0102 1 0.0016257762908935547 24 9 1 0.3016393184661865 1 0.30493736267089844
dataset/cstn/0103 1 0.0016138553619384766 24 9 1 0.5610601902008057 1 0.4079902172088623
dataset/cstn/0104 1 0.001867055892944336 40 11 1 0.2838926315307617 1 0.5872592926025391
dataset/cstn/0105 1 0.0016775131225585938 24 9 1 0.2733728885650635 1 0.3745436668395996
dataset/cstn/0106 1 0.0017545223236083984 32 11 1 0.2789759635925293 1 0.5338726043701172
dataset/cstn/0107 1 0.0016207695007324219 24 11 1 0.567866325378418 1 0.7986431121826172
dataset/cstn/0108 1 0.0026314258575439453 32 11 1 0.2811574935913086 1 0.37798070907592773
dataset/cstn/0109 1 0.0017445087432861328 32 11 1 0.5683221817016602 1 0.5927219390869141
dataset/cstn/0110 1 0.0018661022186279297 48 11 1 0.5739157199859619 1 0.819044828414917
dataset/cstn/0111 1 0.0017955303192138672 40 11 1 0.2838735580444336 1 0.5333116054534912
dataset/cstn/0112 1 0.0017099380493164062 32 11 1 0.5635418891906738 1 0.48003172874450684
dataset/cstn/0113 1 0.0019011497497558594 48 11 1 0.5723867416381836 1 0.5532209873199463
dataset/cstn/0114 1 0.0016696453094482422 24 9 1 0.2872962951660156 1 0.3040609359741211
dataset/cstn/0115 1 0.0025701522827148438 24 11 1 0.5611977577209473 1 0.586371898651123
dataset/cstn/0116 1 0.0020570755004882812 40 15 1 0.5722062587738037 1 2.084739923477173
dataset/cstn/0117 1 0.0017547607421875 32 11 1 0.28026390075683594 1 0.5085148811340332
dataset/cstn/0118 1 0.001962900161743164 48 11 1 0.27889227867126465 1 0.4409477710723877
dataset/cstn/0119 1 0.0017104148864746094 24 11 1 0.2857017517089844 1 0.30945444107055664
dataset/cstn/0120 1 0.0016028881072998047 24 11 1 0.2921414375305176 1 0.3421194553375244
dataset/cstn/0121 1 0.0018351078033447266 40 11 1 0.2850627899169922 1 0.3640751838684082
dataset/cstn/0122 1 0.0018355846405029297 40 11 1 0.27878546714782715 1 0.42963242530822754
dataset/cstn/0123 1 0.0019779205322265625 40 11 1 0.5653245449066162 1 0.7058806419372559
dataset/cstn/0124 1 0.002009868621826172 48 11 1 0.5518949031829834 1 0.7455413341522217
dataset/cstn/0125 1 0.0017199516296386719 32 11 1 0.5637907981872559 1 0.658768892288208
dataset/cstn/0126 1 0.0018274784088134766 40 11 1 0.30078911781311035 1 0.5350842475891113
dataset/cstn/0127 1 0.0020308494567871094 48 11 1 0.5792651176452637 1 0.6269857883453369
dataset/cstn/0128 1 0.0018486976623535156 32 11 1 0.2808234691619873 1 0.3686797618865967
dataset/cstn/0129 1 0.0018444061279296875 32 11 1 0.5680856704711914 1 0.5911643505096436
dataset/cstn/0130 1 0.002035379409790039 40 11 1 0.27371668815612793 1 0.5518834590911865
dataset/cstn/0131 1 0.0017693042755126953 32 11 1 0.5753710269927979 1 0.4825317859649658
dataset/cstn/0132 1 0.0017240047454833984 24 11 1 0.5825619697570801 1 0.6416935920715332
dataset/cstn/0133 1 0.0015430450439453125 24 11 1 0.27402567863464355 1 0.46027636528015137
dataset/cstn/0134 1 0.0018191337585449219 40 11 1 0.5572705268859863 1 0.7659602165222168
dataset/cstn/0135 1 0.0017704963684082031 32 11 1 0.5605173110961914 1 0.6432709693908691
dataset/cstn/0136 1 0.001926422119140625 32 11 1 0.28100156784057617 1 0.5536503791809082
dataset/cstn/0137 1 0.0016493797302246094 24 9 1 0.29350996017456055 1 0.2856314182281494
dataset/cstn/0138 1 0.0019097328186035156 48 11 1 0.5642476081848145 1 0.701885461807251
dataset/cstn/0139 1 0.001676797866821289 24 11 1 0.2845885753631592 1 0.4802286624908447
dataset/cstn/0140 1 0.0019943714141845703 48 11 1 0.5702857971191406 1 0.8728804588317871
dataset/cstn/0141 1 0.001970529556274414 48 11 1 0.5709762573242188 1 0.6447134017944336
dataset/cstn/0142 1 0.0016410350799560547 24 9 1 0.2951219081878662 1 0.3120567798614502
dataset/cstn/0143 1 0.001682281494140625 24 11 1 0.28230714797973633 1 0.37824106216430664
dataset/cstn/0144 1 0.0021576881408691406 48 11 1 0.5623433589935303 1 0.6588127613067627
dataset/cstn/0145 1 0.0029723644256591797 48 11 1 0.56801438331604 1 0.6310510635375977
dataset/cstn/0146 1 0.001924753189086914 48 11 1 0.5648503303527832 1 0.7909257411956787
dataset/cstn/0147 1 0.0017762184143066406 32 11 1 0.5691208839416504 1 0.8596413135528564
dataset/cstn/0148 1 0.0016124248504638672 24 11 1 0.28095006942749023 1 0.30875539779663086
dataset/cstn/0149 1 0.001623392105102539 24 9 1 0.28513669967651367 1 0.3083035945892334
dataset/cstn/0150 1 0.0018541812896728516 40 11 1 0.5616967678070068 1 0.6541306972503662
dataset/cstn/0151 1 0.0020377635955810547 48 11 1 0.5763258934020996 1 0.9080932140350342
dataset/cstn/0152 1 0.0020380020141601562 48 11 1 0.567267656326294 1 0.8906939029693604
dataset/cstn/0153 1 0.0018575191497802734 48 9 1 0.2803189754486084 1 0.36013174057006836
dataset/cstn/0154 1 0.001840353012084961 40 11 1 0.5700640678405762 1 0.9804248809814453
dataset/cstn/0155 1 0.0017552375793457031 32 11 1 0.28317761421203613 1 0.4218316078186035
dataset/cstn/0156 1 0.0016160011291503906 24 11 1 0.28653573989868164 1 0.36594080924987793
dataset/cstn/0157 1 0.0018079280853271484 40 11 1 0.2802543640136719 1 0.5368938446044922
dataset/cstn/0158 1 0.0029828548431396484 40 11 1 0.2995870113372803 1 0.5343358516693115
dataset/cstn/0159 1 0.0017213821411132812 32 11 1 0.577420711517334 1 0.5759861469268799
dataset/cstn/0160 1 0.002125978469848633 48 11 1 0.5679905414581299 1 0.6167333126068115
dataset/cstn/0161 1 0.001986980438232422 48 11 1 0.2880828380584717 1 0.5070285797119141
dataset/cstn/0162 1 0.001867055892944336 40 11 1 0.5627477169036865 1 0.694021463394165
dataset/cstn/0163 1 0.0015704631805419922 24 11 1 0.28412508964538574 1 0.3619701862335205
dataset/cstn/0164 1 0.0018947124481201172 48 11 1 0.5746505260467529 1 0.8713967800140381
dataset/cstn/0165 1 0.0016982555389404297 32 11 1 0.2883021831512451 1 0.43788814544677734
dataset/cstn/0166 1 0.0018150806427001953 40 11 1 0.28250741958618164 1 0.5299787521362305
dataset/cstn/0167 1 0.0017404556274414062 32 11 1 0.5441901683807373 1 0.6521284580230713
dataset/cstn/0168 1 0.0025920867919921875 24 11 1 0.28585100173950195 1 0.3964557647705078
dataset/cstn/0169 1 0.0016407966613769531 24 11 1 0.2803308963775635 1 0.3725399971008301
dataset/cstn/0170 1 0.0017578601837158203 32 11 1 0.2861354351043701 1 0.43767642974853516
dataset/cstn/0171 1 0.0019407272338867188 48 11 1 0.5689153671264648 1 0.8743300437927246
dataset/cstn/0172 1 0.0016789436340332031 24 13 1 0.6349697113037109 1 0.9237291812896729
dataset/cstn/0173 1 0.0019237995147705078 40 11 1 0.5762519836425781 1 0.4706079959869385
dataset/cstn/0174 1 0.001903533935546875 32 9 1 0.2813291549682617 1 0.28502869606018066
dataset/cstn/0175 1 0.0025720596313476562 24 9 1 0.5810322761535645 1 0.43929386138916016
dataset/cstn/0176 1 0.0016453266143798828 32 9 1 0.5752191543579102 1 0.4292724132537842
dataset/cstn/0177 1 0.001863718032836914 24 9 1 0.2921597957611084 1 0.3496744632720947
dataset/cstn/0178 1 0.0017278194427490234 32 11 1 0.2821040153503418 1 0.4040045738220215
dataset/cstn/0179 1 0.0026917457580566406 40 11 1 0.2845776081085205 1 0.4480781555175781
dataset/cstn/0180 1 0.0018062591552734375 32 11 1 0.5757489204406738 1 0.7826402187347412
dataset/cstn/0181 1 0.0020241737365722656 48 13 1 0.5700743198394775 1 1.2476849555969238
dataset/cstn/0182 1 0.0016770362854003906 24 11 1 0.5703301429748535 1 0.5221827030181885
dataset/cstn/0183 1 0.001965045928955078 48 11 1 0.28596043586730957 1 0.5955636501312256
dataset/cstn/0184 1 0.0017590522766113281 32 11 1 0.2901937961578369 1 0.4664266109466553
dataset/cstn/0185 1 0.0019507408142089844 40 11 1 0.5686640739440918 1 1.227741003036499
dataset/cstn/0186 1 0.0019102096557617188 40 11 1 0.28375864028930664 1 0.5190808773040771
dataset/cstn/0187 1 0.0018074512481689453 40 11 1 0.5702154636383057 1 0.8723645210266113
dataset/cstn/0188 1 0.001962900161743164 48 11 1 0.5715789794921875 1 0.889761209487915
dataset/cstn/0189 1 0.0018503665924072266 24 9 1 0.2851133346557617 1 0.3064725399017334
dataset/cstn/0190 1 0.0016334056854248047 24 11 1 0.2893831729888916 1 0.3547837734222412
dataset/cstn/0191 1 0.0016796588897705078 24 11 1 0.5672369003295898 1 0.5879912376403809
dataset/cstn/0192 1 0.0019075870513916016 40 11 1 0.5866460800170898 1 0.5671970844268799
dataset/cstn/0193 1 0.0018723011016845703 40 11 1 0.5614674091339111 1 0.7313976287841797
dataset/cstn/0194 1 0.001596689224243164 24 9 1 0.28938794136047363 1 0.3088679313659668
dataset/cstn/0195 1 0.0017037391662597656 32 11 1 0.27472352981567383 1 0.4546668529510498
dataset/cstn/0196 1 0.0019674301147460938 48 11 1 0.5776956081390381 1 0.6107680797576904
dataset/cstn/0197 1 0.0016775131225585938 24 11 1 0.5705852508544922 1 0.563187837600708
dataset/cstn/0198 1 0.0018723011016845703 40 13 1 0.5611739158630371 1 0.8384134769439697
dataset/cstn/0199 1 0.002068758010864258 48 9 1 0.5705406665802002 1 0.4885077476501465
dataset/cstn/0200 1 0.0018761157989501953 40 11 1 0.5798978805541992 1 0.6250264644622803
dataset/cstn/0201 1 0.0020325183868408203 48 11 1 0.5712263584136963 1 0.9069919586181641
dataset/cstn/0202 1 0.0018074512481689453 40 11 1 0.5728790760040283 1 0.7833304405212402
dataset/cstn/0203 1 0.001710653305053711 24 11 1 0.282426118850708 1 0.3110482692718506
dataset/cstn/0204 1 0.0018074512481689453 24 11 1 0.5767455101013184 1 0.60213303565979
dataset/cstn/0205 1 0.0020482540130615234 48 11 1 0.5715677738189697 1 1.0124585628509521
dataset/cstn/0206 1 0.0017268657684326172 32 11 1 0.28490567207336426 1 0.5314762592315674
dataset/cstn/0207 1 0.0019047260284423828 40 11 1 0.28198790550231934 1 0.5520641803741455
dataset/cstn/0208 1 0.0015811920166015625 24 7 1 0.28392553329467773 1 0.2767341136932373
dataset/cstn/0209 1 0.0017671585083007812 32 11 1 0.5700111389160156 1 0.5899195671081543
dataset/cstn/0210 1 0.0018618106842041016 40 11 1 0.5755701065063477 1 0.6462545394897461
dataset/cstn/0211 1 0.002932310104370117 48 11 1 0.28226184844970703 1 0.43879055976867676
dataset/cstn/0212 1 0.002042055130004883 48 11 1 0.5716688632965088 1 0.7836365699768066
dataset/cstn/0213 1 0.002039194107055664 48 11 1 0.5700278282165527 1 0.4978957176208496
dataset/cstn/0214 1 0.001598358154296875 24 9 1 0.2877621650695801 1 0.3095073699951172
dataset/cstn/0215 1 0.001810312271118164 40 11 1 0.2828538417816162 1 0.5727922916412354
dataset/cstn/0216 1 0.0015716552734375 24 9 1 0.293015718460083 1 0.3008308410644531
dataset/cstn/0217 1 0.001911163330078125 48 11 1 0.29169559478759766 1 0.5426666736602783
dataset/cstn/0218 1 0.0019278526306152344 48 11 1 0.5567867755889893 1 0.8782191276550293
dataset/cstn/0219 1 0.0018463134765625 40 11 1 0.5926840305328369 1 0.6848926544189453
dataset/cstn/0220 1 0.0021860599517822266 48 11 1 0.573904275894165 1 1.0226974487304688
dataset/cstn/0221 1 0.0028371810913085938 48 11 1 0.5739753246307373 1 0.6998369693756104
dataset/cstn/0222 1 0.001837015151977539 40 11 1 0.3107621669769287 1 0.4523608684539795
dataset/cstn/0223 1 0.0019609928131103516 40 11 1 0.5767412185668945 1 0.8024849891662598
dataset/cstn/0224 1 0.0019123554229736328 40 11 1 0.31163454055786133 1 0.4821436405181885
dataset/cstn/0225 1 0.0019109249114990234 40 11 1 0.5820255279541016 1 0.592195987701416
dataset/cstn/0226 1 0.0016858577728271484 24 11 1 0.5796658992767334 1 0.49795007705688477
dataset/cstn/0227 1 0.0018329620361328125 32 11 1 0.576716423034668 1 0.7395472526550293
dataset/cstn/0228 1 0.0017077922821044922 24 13 1 0.5719876289367676 1 0.5932929515838623
dataset/cstn/0229 1 0.0017514228820800781 32 11 1 0.58341383934021 1 0.6480658054351807
dataset/cstn/0230 1 0.0019195079803466797 48 9 1 0.2916240692138672 1 0.3710756301879883
dataset/cstn/0231 1 0.0016913414001464844 24 11 1 0.5791239738464355 1 0.7437658309936523
dataset/cstn/0232 1 0.0017554759979248047 24 13 1 0.29358601570129395 1 0.18287324905395508
dataset/cstn/0233 1 0.0018413066864013672 32 11 1 0.584827184677124 1 0.8254702091217041
dataset/cstn/0234 1 0.001956462860107422 40 11 1 0.6005940437316895 1 0.6684441566467285
dataset/cstn/0235 1 0.0020728111267089844 48 13 1 0.5730907917022705 1 0.6459369659423828
dataset/cstn/0236 1 0.0019483566284179688 48 11 1 0.2862510681152344 1 0.5478005409240723
dataset/cstn/0237 1 0.0016989707946777344 24 9 1 0.2882256507873535 1 0.3537774085998535
dataset/cstn/0238 1 0.0020132064819335938 48 11 1 0.576937198638916 1 0.8350651264190674
dataset/cstn/0239 1 0.00185394287109375 32 11 1 0.2882256507873535 1 0.49448609352111816
dataset/cstn/0240 1 0.0018622875213623047 40 11 1 0.578826904296875 1 0.7215700149536133
dataset/cstn/0241 1 0.0017752647399902344 32 11 1 0.5876913070678711 1 0.5014753341674805
dataset/cstn/0242 1 0.001951456069946289 48 11 1 0.585529088973999 1 0.8055434226989746
dataset/cstn/0243 1 0.002781391143798828 40 11 1 0.573706865310669 1 0.710608720779419
dataset/cstn/0244 1 0.0018706321716308594 40 11 1 0.28725552558898926 1 0.563601016998291
dataset/cstn/0245 1 0.0019147396087646484 40 13 1 0.5802147388458252 1 0.7740013599395752
dataset/cstn/0246 1 0.002772092819213867 40 11 1 0.5807533264160156 1 0.7524387836456299
dataset/cstn/0247 1 0.0018901824951171875 48 11 1 0.2857487201690674 1 0.5569560527801514
dataset/cstn/0248 1 0.0016901493072509766 24 11 1 0.576042890548706 1 0.5217785835266113
dataset/cstn/0249 1 0.0019474029541015625 48 11 1 0.5768752098083496 1 0.8612873554229736
dataset/cstn/0250 1 0.001934051513671875 40 13 1 0.5768239498138428 1 0.5661966800689697
dataset/cstn/0251 1 0.0017652511596679688 32 11 1 0.5778102874755859 1 0.4858393669128418
dataset/cstn/0252 1 0.001897573471069336 40 11 1 0.5843887329101562 1 0.854189395904541
dataset/cstn/0253 1 0.0017008781433105469 24 9 1 0.28789281845092773 1 0.36678099632263184
dataset/cstn/0254 1 0.0018186569213867188 24 9 1 0.2938835620880127 1 0.3308093547821045
dataset/cstn/0255 1 0.0018608570098876953 40 11 1 0.29104089736938477 1 0.5245249271392822
dataset/cstn/0256 1 0.0018794536590576172 40 11 1 0.283341646194458 1 0.5385098457336426
dataset/cstn/0257 1 0.001767873764038086 32 11 1 0.57651686668396 1 0.7140562534332275
dataset/cstn/0258 1 0.0016415119171142578 24 9 1 0.5835211277008057 1 0.46657347679138184
dataset/cstn/0259 1 0.002537965774536133 40 11 1 0.5716395378112793 1 0.7767505645751953
dataset/cstn/0260 1 0.0018601417541503906 40 11 1 0.5849268436431885 1 0.5894248485565186
dataset/cstn/0261 1 0.0016937255859375 24 7 1 0.29137420654296875 1 0.2746460437774658
dataset/cstn/0262 1 0.0021393299102783203 48 11 1 0.564511775970459 1 0.5777347087860107
dataset/cstn/0263 1 0.0017347335815429688 32 11 1 0.5924320220947266 1 0.5382280349731445
dataset/cstn/0264 1 0.001890420913696289 40 11 1 0.5723800659179688 1 0.5852956771850586
dataset/cstn/0265 1 0.001756429672241211 24 13 1 0.5855424404144287 1 0.8465516567230225
dataset/cstn/0266 1 0.0017783641815185547 32 11 1 0.5719351768493652 1 0.8346281051635742
dataset/cstn/0267 1 0.0018603801727294922 40 11 1 0.5714840888977051 1 0.5820138454437256
dataset/cstn/0268 1 0.002785205841064453 48 11 1 0.5755858421325684 1 0.7781805992126465
dataset/cstn/0269 1 0.0017046928405761719 24 11 1 0.5718972682952881 1 0.47288966178894043
dataset/cstn/0270 1 0.002029895782470703 48 11 1 0.5990104675292969 1 0.8253309726715088
dataset/cstn/0271 1 0.0020482540130615234 48 11 1 0.5671682357788086 1 0.6547164916992188
dataset/cstn/0272 1 0.0019364356994628906 24 11 1 0.29347944259643555 1 0.45023179054260254
dataset/cstn/0273 1 0.0019195079803466797 48 11 1 0.5747950077056885 1 0.83152174949646
dataset/cstn/0274 1 0.0017046928405761719 24 11 1 0.5723536014556885 1 0.5039858818054199
dataset/cstn/0275 1 0.0017271041870117188 24 13 1 0.5729339122772217 1 0.6968450546264648
dataset/cstn/0276 1 0.0019958019256591797 48 11 1 0.5819861888885498 1 0.8918347358703613
dataset/cstn/0277 1 0.0018172264099121094 32 11 1 0.5896255970001221 1 0.5562634468078613
dataset/cstn/0278 1 0.0017464160919189453 32 11 1 0.5835855007171631 1 0.654085636138916
dataset/cstn/0279 1 0.0020215511322021484 48 11 1 0.5822746753692627 1 0.8898224830627441
dataset/cstn/0280 1 0.0016231536865234375 24 9 1 0.2959423065185547 1 0.3710176944732666
dataset/cstn/0281 1 0.0016260147094726562 24 13 1 0.5697479248046875 1 0.6543607711791992
dataset/cstn/0282 1 0.0017445087432861328 24 11 1 0.5728449821472168 1 0.5639445781707764
dataset/cstn/0283 1 0.001852273941040039 32 11 1 0.5738532543182373 1 0.6492066383361816
dataset/cstn/0284 1 0.0020689964294433594 48 11 1 0.5936694145202637 1 0.9378280639648438
dataset/cstn/0285 1 0.0018482208251953125 40 11 1 0.29726123809814453 1 0.533480167388916
dataset/cstn/0286 1 0.0019791126251220703 48 11 1 0.5697240829467773 1 0.5536420345306396
dataset/cstn/0287 1 0.0019481182098388672 48 11 1 0.28304457664489746 1 0.5658833980560303
dataset/cstn/0288 1 0.0019180774688720703 40 11 1 0.2847280502319336 1 0.5641942024230957
dataset/cstn/0289 1 0.0019371509552001953 40 11 1 0.2909541130065918 1 0.4528374671936035
dataset/cstn/0290 1 0.0019953250885009766 48 11 1 0.28547215461730957 1 0.5909543037414551
dataset/cstn/0291 1 0.001678466796875 24 9 1 0.28807497024536133 1 0.3500800132751465
dataset/cstn/0292 1 0.0016756057739257812 24 11 1 0.5760762691497803 1 0.5516881942749023
dataset/cstn/0293 1 0.0016911029815673828 24 11 1 0.2937941551208496 1 0.3303074836730957
dataset/cstn/0294 1 0.0018508434295654297 40 11 1 0.5753688812255859 1 0.900303840637207
dataset/cstn/0295 1 0.0017461776733398438 32 11 1 0.5705249309539795 1 0.5625829696655273
dataset/cstn/0296 1 0.002048492431640625 48 11 1 0.5661067962646484 1 0.5990593433380127
dataset/cstn/0297 1 0.0020596981048583984 48 11 1 0.5796761512756348 1 0.7757790088653564
dataset/cstn/0298 1 0.0017626285552978516 32 11 1 0.2860677242279053 1 0.37581634521484375
dataset/cstn/0299 1 0.0018074512481689453 40 11 1 0.28562474250793457 1 0.46872377395629883
dataset/cstn/0300 1 0.001961946487426758 48 11 1 0.5827019214630127 1 0.5180411338806152
dataset/cstn/0301 1 0.0019392967224121094 48 11 1 0.28435301780700684 1 0.5485801696777344
dataset/cstn/0302 1 0.0019431114196777344 40 15 1 0.5807137489318848 1 1.0496976375579834
dataset/cstn/0303 1 0.001870870590209961 40 11 1 0.2883565425872803 1 0.5847084522247314
dataset/cstn/0304 1 0.0017855167388916016 40 11 1 0.5961906909942627 1 0.6149039268493652
dataset/cstn/0305 1 0.001626729965209961 32 9 1 0.5855417251586914 1 0.39820265769958496
dataset/cstn/0306 1 0.0018873214721679688 40 11 1 0.286207914352417 1 0.54073166847229
dataset/cstn/0307 1 0.001825571060180664 32 11 1 0.5783138275146484 1 0.6008374691009521
dataset/cstn/0308 1 0.0018239021301269531 32 11 1 0.5683181285858154 1 0.7896213531494141
dataset/cstn/0309 1 0.0019865036010742188 24 11 1 0.32935547828674316 1 0.36860132217407227
dataset/cstn/0310 1 0.0019922256469726562 48 11 1 0.5875864028930664 1 0.7372405529022217
dataset/cstn/0311 1 0.002032041549682617 48 11 1 0.5838704109191895 1 0.8140685558319092
dataset/cstn/0312 1 0.0015981197357177734 24 11 1 0.5849134922027588 1 0.5785083770751953
dataset/cstn/0313 1 0.002002239227294922 32 11 1 0.5691397190093994 1 0.5117075443267822
dataset/cstn/0314 1 0.002026796340942383 48 11 1 0.5727784633636475 1 0.8034684658050537
dataset/cstn/0315 1 0.002899169921875 48 11 1 0.2871701717376709 1 0.5437369346618652
dataset/cstn/0316 1 0.001955747604370117 48 11 1 0.5790665149688721 1 0.6213147640228271
dataset/cstn/0317 1 0.0017504692077636719 32 11 1 0.2873976230621338 1 0.34459686279296875
dataset/cstn/0318 1 0.0016937255859375 24 9 1 0.2945539951324463 1 0.35547900199890137
dataset/cstn/0319 1 0.0029211044311523438 48 11 1 0.5595483779907227 1 0.7630128860473633
dataset/cstn/0320 1 0.002000093460083008 48 11 1 0.5892994403839111 1 0.8724699020385742
dataset/cstn/0321 1 0.0017938613891601562 24 11 1 0.5837030410766602 1 0.9167225360870361
dataset/cstn/0322 1 0.0017266273498535156 32 11 1 0.5739624500274658 1 0.503638744354248
dataset/cstn/0323 1 0.0017733573913574219 32 11 1 0.2853977680206299 1 0.5624535083770752
dataset/cstn/0324 1 0.0018470287322998047 32 11 1 0.570899248123169 1 0.5403835773468018
dataset/cstn/0325 1 0.0029048919677734375 40 11 1 0.5754904747009277 1 0.7818410396575928
dataset/cstn/0326 1 0.0019271373748779297 40 11 1 0.5752851963043213 1 0.9128618240356445
dataset/cstn/0327 1 0.0018267631530761719 40 11 1 0.5759925842285156 1 0.9364945888519287
dataset/cstn/0328 1 0.0019683837890625 48 11 1 0.5756340026855469 1 0.7982909679412842
dataset/cstn/0329 1 0.0018138885498046875 32 11 1 0.28448033332824707 1 0.4589672088623047
dataset/cstn/0330 1 0.0018002986907958984 40 9 1 0.28323912620544434 1 0.333202600479126
dataset/cstn/0331 1 0.0018510818481445312 40 11 1 0.2799696922302246 1 0.438640832901001
dataset/cstn/0332 1 0.0016663074493408203 24 11 1 0.5722174644470215 1 0.5285987854003906
dataset/cstn/0333 1 0.0020253658294677734 48 11 1 0.5702741146087646 1 0.6540610790252686
dataset/cstn/0334 1 0.0017635822296142578 32 11 1 0.28837060928344727 1 0.533806562423706
dataset/cstn/0335 1 0.0018842220306396484 40 11 1 0.5808837413787842 1 0.8006844520568848
dataset/cstn/0336 1 0.0019435882568359375 48 11 1 0.2866785526275635 1 0.443408727645874
dataset/cstn/0337 1 0.001928567886352539 40 11 1 0.5854189395904541 1 0.6022896766662598
dataset/cstn/0338 1 0.0016605854034423828 32 9 1 0.284318208694458 1 0.3565537929534912
dataset/cstn/0339 1 0.0018458366394042969 32 11 1 0.5734171867370605 1 0.567476749420166
dataset/cstn/0340 1 0.0021140575408935547 48 11 1 0.5787420272827148 1 0.8098850250244141
dataset/cstn/0341 1 0.0020444393157958984 48 11 1 0.5861306190490723 1 1.1310412883758545
dataset/cstn/0342 1 0.002054452896118164 48 11 1 0.5866734981536865 1 0.7979428768157959
dataset/cstn/0343 1 0.0018277168273925781 40 11 1 0.5791513919830322 1 0.7894976139068604
dataset/cstn/0344 1 0.0015926361083984375 24 11 1 0.5805931091308594 1 0.9048147201538086
dataset/cstn/0345 1 0.0019283294677734375 48 11 1 0.287949800491333 1 0.5780284404754639
dataset/cstn/0346 1 0.0019462108612060547 40 11 1 0.60127854347229 1 0.5120301246643066
dataset/cstn/0347 1 0.0017666816711425781 32 11 1 0.28588104248046875 1 0.4983522891998291
dataset/cstn/0348 1 0.0017507076263427734 32 11 1 0.29036903381347656 1 0.548583984375
dataset/cstn/0349 1 0.0019159317016601562 48 11 1 0.5617728233337402 1 0.9399471282958984
dataset/cstn/0350 1 0.0018088817596435547 24 11 1 0.289290189743042 1 0.48616647720336914
dataset/cstn/0351 1 0.0019888877868652344 48 11 1 0.5703601837158203 1 0.6080543994903564
dataset/cstn/0352 1 0.0016760826110839844 24 11 1 0.578681468963623 1 0.9511680603027344
dataset/cstn/0353 1 0.0019631385803222656 48 11 1 0.5810894966125488 1 0.7118403911590576
dataset/cstn/0354 1 0.0018029212951660156 40 9 1 0.2889268398284912 1 0.3731687068939209
dataset/cstn/0355 1 0.0019483566284179688 40 11 1 0.5728950500488281 1 0.8034765720367432
dataset/cstn/0356 1 0.0019161701202392578 40 11 1 0.2850661277770996 1 0.4653604030609131
dataset/cstn/0357 1 0.0020208358764648438 48 11 1 0.5766324996948242 1 0.7552237510681152
dataset/cstn/0358 1 0.0018625259399414062 40 11 1 0.5833618640899658 1 0.875128984451294
dataset/cstn/0359 1 0.0019533634185791016 48 11 1 0.577070951461792 1 0.8262608051300049
dataset/cstn/0360 1 0.0018849372863769531 40 11 1 0.5660834312438965 1 0.712684154510498
dataset/cstn/0361 1 0.001886129379272461 40 11 1 0.5744798183441162 1 0.9271585941314697
dataset/cstn/0362 1 0.0018763542175292969 40 11 1 0.5729949474334717 1 0.6347522735595703
dataset/cstn/0363 1 0.0017600059509277344 32 11 1 0.288240909576416 1 0.384171724319458
dataset/cstn/0364 1 0.001912832260131836 40 11 1 0.2837972640991211 1 0.523900032043457
dataset/cstn/0365 1 0.0018875598907470703 40 11 1 0.5774574279785156 1 0.7469472885131836
dataset/cstn/0366 1 0.0019860267639160156 48 11 1 0.5722954273223877 1 0.6039013862609863
dataset/cstn/0367 1 0.001954317092895508 40 13 1 0.5749528408050537 1 1.011570930480957
dataset/cstn/0368 1 0.001861572265625 40 11 1 0.2993955612182617 1 0.4739251136779785
dataset/cstn/0369 1 0.0020325183868408203 48 11 1 0.5701806545257568 1 0.645071268081665
dataset/cstn/0370 1 0.0019233226776123047 40 11 1 0.5681474208831787 1 0.6187350749969482
dataset/cstn/0371 1 0.001920938491821289 40 11 1 0.568396806716919 1 0.8187971115112305
dataset/cstn/0372 1 0.0018608570098876953 40 11 1 0.5726335048675537 1 0.7119593620300293
dataset/cstn/0373 1 0.002868175506591797 40 11 1 0.5869462490081787 1 0.7906038761138916
dataset/cstn/0374 1 0.0017285346984863281 24 11 1 0.2821502685546875 1 0.3646206855773926
dataset/cstn/0375 1 0.0018551349639892578 40 11 1 0.5727524757385254 1 0.561591386795044
dataset/cstn/0376 1 0.0019652843475341797 48 11 1 0.5715363025665283 1 0.7662732601165771
dataset/cstn/0377 1 0.0019118785858154297 48 11 1 0.564922571182251 1 0.6397345066070557
dataset/cstn/0378 1 0.0018768310546875 40 11 1 0.567859411239624 1 0.697277307510376
dataset/cstn/0379 1 0.001941680908203125 48 11 1 0.2804605960845947 1 0.5732197761535645
dataset/cstn/0380 1 0.0019373893737792969 48 13 1 0.5693807601928711 1 0.8960680961608887
dataset/cstn/0381 1 0.0018410682678222656 40 11 1 0.5652048587799072 1 0.6810297966003418
dataset/cstn/0382 1 0.0024788379669189453 24 13 1 0.5659666061401367 1 0.6412508487701416
dataset/cstn/0383 1 0.001829385757446289 40 11 1 0.2816457748413086 1 0.5502409934997559
dataset/cstn/0384 1 0.0017628669738769531 32 11 1 0.5640499591827393 1 0.6370201110839844
dataset/cstn/0385 1 0.001748800277709961 32 11 1 0.6047358512878418 1 0.5807209014892578
dataset/cstn/0386 1 0.0019154548645019531 40 11 1 0.2835674285888672 1 0.48781728744506836
dataset/cstn/0387 1 0.0018875598907470703 40 11 1 0.5726299285888672 1 0.8620712757110596
dataset/cstn/0388 1 0.0019037723541259766 40 11 1 0.5792357921600342 1 0.578263521194458
dataset/cstn/0389 1 0.00170135498046875 32 11 1 0.5707461833953857 1 0.5008857250213623
dataset/cstn/0390 1 0.001699209213256836 24 13 1 0.5721549987792969 1 0.5429501533508301
dataset/cstn/0391 1 0.0019609928131103516 48 11 1 0.567542552947998 1 0.8907201290130615
dataset/cstn/0392 1 0.0017244815826416016 32 11 1 0.5772264003753662 1 0.5563130378723145
dataset/cstn/0393 1 0.001901865005493164 48 11 1 0.28419923782348633 1 0.44402098655700684
dataset/cstn/0394 1 0.001752614974975586 32 11 1 0.570838212966919 1 0.5738222599029541
dataset/cstn/0395 1 0.0016276836395263672 24 11 1 0.5722508430480957 1 0.6757843494415283
dataset/cstn/0396 1 0.0020036697387695312 40 11 1 0.28293895721435547 1 0.4608471393585205
dataset/cstn/0397 1 0.0017404556274414062 32 11 1 0.5717878341674805 1 0.6430027484893799
dataset/cstn/0398 1 0.0018901824951171875 48 11 1 0.2816605567932129 1 0.5698952674865723
dataset/cstn/0399 1 0.001998424530029297 48 11 1 0.5524415969848633 1 0.6563808917999268
dataset/cstn/0400 1 0.001867532730102539 40 11 1 0.28209614753723145 1 0.5506799221038818
dataset/cstn/0401 1 0.002477407455444336 24 11 1 0.29043006896972656 1 0.3899226188659668
dataset/cstn/0402 1 0.0018825531005859375 40 11 1 0.5724525451660156 1 0.6313722133636475
dataset/cstn/0403 1 0.0016596317291259766 24 11 1 0.2768275737762451 1 0.3483140468597412
dataset/cstn/0404 1 0.001940011978149414 48 11 1 0.5640826225280762 1 0.8704450130462646
dataset/cstn/0405 1 0.0015802383422851562 24 11 1 0.2855496406555176 1 0.39182233810424805
dataset/cstn/0406 1 0.0017633438110351562 32 11 1 0.28882932662963867 1 0.44499921798706055
dataset/cstn/0407 1 0.0020847320556640625 48 11 1 0.5641231536865234 1 0.8626763820648193
dataset/cstn/0408 1 0.0020008087158203125 48 11 1 0.5668721199035645 1 0.7904095649719238
dataset/cstn/0409 1 0.0020036697387695312 48 11 1 0.5749268531799316 1 0.6366708278656006
dataset/cstn/0410 1 0.0019123554229736328 32 11 1 0.572796106338501 1 0.6776735782623291
dataset/cstn/0411 1 0.0016219615936279297 24 9 1 0.2851724624633789 1 0.314774751663208
dataset/cstn/0412 1 0.0018856525421142578 24 13 1 0.5801985263824463 1 0.749929666519165
dataset/cstn/0413 1 0.0017642974853515625 40 11 1 0.5780858993530273 1 0.7562205791473389
dataset/cstn/0414 1 0.001819610595703125 32 11 1 0.5512096881866455 1 0.7131690979003906
dataset/cstn/0415 1 0.0018703937530517578 40 11 1 0.28026914596557617 1 0.39441537857055664
dataset/cstn/0416 1 0.002001047134399414 48 11 1 0.5673048496246338 1 0.8553478717803955
dataset/cstn/0417 1 0.0016872882843017578 32 11 1 0.6102261543273926 1 0.5367190837860107
dataset/cstn/0418 1 0.0018720626831054688 40 11 1 0.5680217742919922 1 0.820695161819458
dataset/cstn/0419 1 0.0019567012786865234 48 11 1 0.5650157928466797 1 0.5976178646087646
dataset/cstn/0420 1 0.0018126964569091797 40 11 1 0.560253381729126 1 1.098677635192871
dataset/cstn/0421 1 0.0018072128295898438 40 11 1 0.5616652965545654 1 0.6379988193511963
dataset/cstn/0422 1 0.001554250717163086 24 9 1 0.5759925842285156 1 0.5433802604675293
dataset/cstn/0423 1 0.002081632614135742 48 11 1 0.5770270824432373 1 0.8819873332977295
dataset/cstn/0424 1 0.0017447471618652344 32 11 1 0.28244757652282715 1 0.3431816101074219
dataset/cstn/0425 1 0.001918792724609375 40 11 1 0.5674049854278564 1 0.8303728103637695
dataset/cstn/0426 1 0.0019295215606689453 48 11 1 0.5820951461791992 1 0.6379787921905518
dataset/cstn/0427 1 0.0017092227935791016 32 11 1 0.5762026309967041 1 0.7056326866149902
dataset/cstn/0428 1 0.00177001953125 32 11 1 0.5628097057342529 1 0.8176860809326172
dataset/cstn/0429 1 0.0016558170318603516 24 11 1 0.5889630317687988 1 0.48369336128234863
dataset/cstn/0430 1 0.0019066333770751953 32 11 1 0.5596578121185303 1 0.634070634841919
dataset/cstn/0431 1 0.002689838409423828 24 11 1 0.5677034854888916 1 0.7772789001464844
dataset/cstn/0432 1 0.0017545223236083984 32 9 1 0.5900623798370361 1 0.5265293121337891
dataset/cstn/0433 1 0.0017304420471191406 32 11 1 0.2845900058746338 1 0.3936150074005127
dataset/cstn/0434 1 0.0017230510711669922 32 11 1 0.2823646068572998 1 0.5304431915283203
dataset/cstn/0435 1 0.0018584728240966797 32 11 1 0.5966289043426514 1 0.8783347606658936
dataset/cstn/0436 1 0.0017178058624267578 32 9 1 0.5757884979248047 1 0.4394826889038086
dataset/cstn/0437 1 0.0018794536590576172 48 11 1 0.5750505924224854 1 0.8761143684387207
dataset/cstn/0438 1 0.0019490718841552734 48 11 1 0.2826097011566162 1 0.5589871406555176
dataset/cstn/0439 1 0.0019240379333496094 40 11 1 0.580824613571167 1 1.2790303230285645
dataset/cstn/0440 1 0.0025653839111328125 32 11 1 0.29108381271362305 1 0.5639832019805908
dataset/cstn/0441 1 0.002059459686279297 48 13 1 0.5705161094665527 1 1.1346960067749023
dataset/cstn/0442 1 0.0015873908996582031 24 9 1 0.5681788921356201 1 0.4506223201751709
dataset/cstn/0443 1 0.0025119781494140625 24 11 1 0.5681428909301758 1 0.5334196090698242
dataset/cstn/0444 1 0.0018007755279541016 32 11 1 0.5698020458221436 1 0.5214755535125732
dataset/cstn/0445 1 0.0018401145935058594 40 11 1 0.5775866508483887 1 0.6628870964050293
dataset/cstn/0446 1 0.0016884803771972656 32 9 1 0.5704760551452637 1 0.5011038780212402
dataset/cstn/0447 1 0.001800537109375 40 11 1 0.5594327449798584 1 1.0315778255462646
dataset/cstn/0448 1 0.0018780231475830078 48 11 1 0.6009917259216309 1 0.7907166481018066
dataset/cstn/0449 1 0.0020017623901367188 48 11 1 0.574199914932251 1 0.6398301124572754
dataset/cstn/0450 1 0.0018031597137451172 40 11 1 0.5628135204315186 1 0.8903398513793945
dataset/cstn/0451 1 0.001916646957397461 40 13 1 0.56551194190979 1 1.0397429466247559
dataset/cstn/0452 1 0.0018010139465332031 32 11 1 0.5775582790374756 1 1.0111043453216553
dataset/cstn/0453 1 0.0015749931335449219 24 11 1 0.5659389495849609 1 0.7790627479553223
dataset/cstn/0454 1 0.001802206039428711 32 11 1 0.296306848526001 1 0.41624951362609863
dataset/cstn/0455 1 0.002623319625854492 32 11 1 0.5618045330047607 1 0.8356873989105225
dataset/cstn/0456 1 0.0015475749969482422 24 9 1 0.5706720352172852 1 0.40097832679748535
dataset/cstn/0457 1 0.0018107891082763672 40 11 1 0.5566868782043457 1 0.7833139896392822
dataset/cstn/0458 1 0.0016939640045166016 32 11 1 0.281846284866333 1 0.3736388683319092
dataset/cstn/0459 1 0.0017333030700683594 32 11 1 0.2927892208099365 1 0.4172680377960205
dataset/cstn/0460 1 0.0017893314361572266 32 11 1 0.5638012886047363 1 0.5371215343475342
dataset/cstn/0461 1 0.001886129379272461 48 9 1 0.27970099449157715 1 0.3468916416168213
dataset/cstn/0462 1 0.0020356178283691406 48 11 1 0.5758509635925293 1 0.7244069576263428
dataset/cstn/0463 1 0.0018818378448486328 48 11 1 0.5730390548706055 1 0.7692651748657227
dataset/cstn/0464 1 0.00189208984375 40 11 1 0.5774791240692139 1 0.5711133480072021
dataset/cstn/0465 1 0.0017197132110595703 32 11 1 0.569256067276001 1 0.6234545707702637
dataset/cstn/0466 1 0.0019526481628417969 48 11 1 0.5709311962127686 1 1.0034632682800293
dataset/cstn/0467 1 0.0018434524536132812 24 11 1 0.2790074348449707 1 0.34359025955200195
dataset/cstn/0468 1 0.0019826889038085938 48 11 1 0.5778374671936035 1 0.8243865966796875
dataset/cstn/0469 1 0.002076387405395508 48 13 1 0.5619587898254395 1 1.129098653793335
dataset/cstn/0470 1 0.0018224716186523438 40 11 1 0.28503966331481934 1 0.5212981700897217
dataset/cstn/0471 1 0.0016443729400634766 24 11 1 0.2807040214538574 1 0.38260912895202637
dataset/cstn/0472 1 0.001749277114868164 32 11 1 0.28977060317993164 1 0.4019932746887207
dataset/cstn/0473 1 0.0019397735595703125 48 11 1 0.5675919055938721 1 0.6669435501098633
dataset/cstn/0474 1 0.001703023910522461 24 11 1 0.2833554744720459 1 0.3489828109741211
dataset/cstn/0475 1 0.0019404888153076172 48 11 1 0.5752589702606201 1 0.729748010635376
dataset/cstn/0476 1 0.0017158985137939453 32 11 1 0.5603139400482178 1 0.628690242767334
dataset/cstn/0477 1 0.0018157958984375 32 11 1 0.5593307018280029 1 0.7520663738250732
dataset/cstn/0478 1 0.0017240047454833984 32 11 1 0.5671327114105225 1 0.9674944877624512
dataset/cstn/0479 1 0.0016641616821289062 24 9 1 0.30475544929504395 1 0.2827799320220947
dataset/cstn/0480 1 0.001943349838256836 48 11 1 0.5623371601104736 1 0.823115348815918
dataset/cstn/0481 1 0.0018177032470703125 32 13 1 0.560927152633667 1 0.8780417442321777
dataset/cstn/0482 1 0.002937793731689453 48 11 1 0.5660619735717773 1 0.9013392925262451
dataset/cstn/0483 1 0.002295255661010742 48 11 1 0.5750706195831299 1 0.6388194561004639
dataset/cstn/0484 1 0.0019097328186035156 48 11 1 0.5756738185882568 1 0.5585498809814453
dataset/cstn/0485 1 0.0016140937805175781 24 11 1 0.2788076400756836 1 0.36357545852661133
dataset/cstn/0486 1 0.0016400814056396484 24 11 1 0.2813091278076172 1 0.3957061767578125
dataset/cstn/0487 1 0.0019381046295166016 48 11 1 0.28265976905822754 1 0.5574698448181152
dataset/cstn/0488 1 0.0018329620361328125 32 11 1 0.5698456764221191 1 0.5789363384246826
dataset/cstn/0489 1 0.0017151832580566406 32 11 1 0.286318302154541 1 0.47428226470947266
dataset/cstn/0490 1 0.0017409324645996094 32 11 1 0.5613009929656982 1 0.6769473552703857
dataset/cstn/0491 1 0.0017724037170410156 32 11 1 0.2833878993988037 1 0.38132429122924805
dataset/cstn/0492 1 0.001756906509399414 32 13 1 0.5588784217834473 1 0.6744978427886963
dataset/cstn/0493 1 0.0016829967498779297 24 11 1 0.28875279426574707 1 0.32651257514953613
dataset/cstn/0494 1 0.0019445419311523438 48 11 1 0.582587718963623 1 0.7202401161193848
dataset/cstn/0495 1 0.0019078254699707031 48 11 1 0.5665640830993652 1 0.9904861450195312
dataset/cstn/0496 1 0.0017862319946289062 32 13 1 0.5605502128601074 1 0.8820095062255859
dataset/cstn/0497 1 0.0019314289093017578 48 11 1 0.5629887580871582 1 1.0395660400390625
dataset/cstn/0498 1 0.0020148754119873047 48 11 1 0.28003740310668945 1 0.6277060508728027
dataset/cstn/0499 1 0.0017666816711425781 32 11 1 0.5711472034454346 1 0.7854180335998535
dataset/cstn/0500 1 0.0017004013061523438 24 13 1 0.5630886554718018 1 0.7830009460449219
dataset/cstn/0501 1 0.0017130374908447266 32 11 1 0.550351619720459 1 0.5747203826904297
dataset/cstn/0502 1 0.0016705989837646484 24 13 1 0.2881431579589844 1 0.20778536796569824
dataset/cstn/0503 1 0.0016493797302246094 24 13 1 0.5676300525665283 1 0.5874772071838379
dataset/cstn/0504 1 0.0017955303192138672 40 11 1 0.2876579761505127 1 0.6051023006439209
dataset/cstn/0505 1 0.0017478466033935547 32 11 1 0.5781331062316895 1 0.6261758804321289
dataset/cstn/0506 1 0.0016677379608154297 24 11 1 0.5729787349700928 1 0.6077048778533936
dataset/cstn/0507 1 0.0017979145050048828 40 11 1 0.5678577423095703 1 0.7598006725311279
dataset/cstn/0508 1 0.0017299652099609375 32 11 1 0.5701005458831787 1 0.7998623847961426
dataset/cstn/0509 1 0.0018467903137207031 40 11 1 0.5761570930480957 1 0.6731259822845459
dataset/cstn/0510 1 0.0018639564514160156 40 11 1 0.29174160957336426 1 0.45894885063171387
dataset/cstn/0511 1 0.0019614696502685547 40 11 1 0.567096471786499 1 0.709221601486206
dataset/cstn/0512 1 0.0018987655639648438 48 11 1 0.282928466796875 1 0.49970340728759766
dataset/cstn/0513 1 0.0018427371978759766 32 11 1 0.2844960689544678 1 0.5667126178741455
dataset/cstn/0514 1 0.00283050537109375 40 11 1 0.5788207054138184 1 0.6334269046783447
dataset/cstn/0515 1 0.0017595291137695312 32 11 1 0.28485870361328125 1 0.4722614288330078
dataset/cstn/0516 1 0.001798391342163086 40 11 1 0.5603158473968506 1 0.7489218711853027
dataset/cstn/0517 1 0.0018072128295898438 40 11 1 0.5647299289703369 1 0.9420697689056396
dataset/cstn/0518 1 0.0017595291137695312 32 11 1 0.28243184089660645 1 0.3762354850769043
dataset/cstn/0519 1 0.0019338130950927734 48 11 1 0.2784714698791504 1 0.5265200138092041
dataset/cstn/0520 1 0.0021550655364990234 40 11 1 0.5742168426513672 1 0.5539884567260742
dataset/cstn/0521 1 0.0017466545104980469 24 9 1 0.26782703399658203 1 0.3677940368652344
dataset/cstn/0522 1 0.001829385757446289 40 11 1 0.5634551048278809 1 0.5532453060150146
dataset/cstn/0523 1 0.0017154216766357422 32 11 1 0.5447642803192139 1 0.6389949321746826
dataset/cstn/0524 1 0.0028209686279296875 40 11 1 0.2856786251068115 1 0.5502305030822754
dataset/cstn/0525 1 0.0018343925476074219 40 11 1 0.28353452682495117 1 0.47678136825561523
dataset/cstn/0526 1 0.0016744136810302734 24 9 1 0.281083345413208 1 0.3090059757232666
dataset/cstn/0527 1 0.001968860626220703 48 11 1 0.5647950172424316 1 0.6309504508972168
dataset/cstn/0528 1 0.001604318618774414 24 11 1 0.2885284423828125 1 0.47664856910705566
dataset/cstn/0529 1 0.0017459392547607422 32 11 1 0.5753376483917236 1 0.5401780605316162
dataset/cstn/0530 1 0.0016493797302246094 24 11 1 0.5727927684783936 1 0.6260330677032471
dataset/cstn/0531 1 0.0017807483673095703 32 11 1 0.5647628307342529 1 0.6562685966491699
dataset/cstn/0532 1 0.001957416534423828 48 11 1 0.568516731262207 1 0.707634687423706
dataset/cstn/0533 1 0.001954317092895508 40 11 1 0.5732817649841309 1 0.7261807918548584
dataset/cstn/0534 1 0.002699136734008789 40 11 1 0.5678045749664307 1 0.807863712310791
dataset/cstn/0535 1 0.0016314983367919922 32 7 1 0.2807121276855469 1 0.2651491165161133
dataset/cstn/0536 1 0.0019021034240722656 40 11 1 0.5796611309051514 1 0.656151294708252
dataset/cstn/0537 1 0.0019788742065429688 48 11 1 0.5612308979034424 1 1.0188004970550537
dataset/cstn/0538 1 0.0018754005432128906 40 11 1 0.5798466205596924 1 0.8466396331787109
dataset/cstn/0539 1 0.0019016265869140625 40 11 1 0.586834192276001 1 0.6320443153381348
dataset/cstn/0540 1 0.001993894577026367 48 11 1 0.2819223403930664 1 0.5194263458251953
dataset/cstn/0541 1 0.0017414093017578125 32 11 1 0.5613155364990234 1 0.665834903717041
dataset/cstn/0542 1 0.0016450881958007812 24 9 1 0.2829005718231201 1 0.33847951889038086
dataset/cstn/0543 1 0.0018324851989746094 40 11 1 0.2817864418029785 1 0.4203782081604004
dataset/cstn/0544 1 0.0017688274383544922 32 11 1 0.5784862041473389 1 0.6290907859802246
dataset/cstn/0545 1 0.0018012523651123047 32 11 1 0.5628662109375 1 0.5973913669586182
dataset/cstn/0546 1 0.0017406940460205078 32 13 1 0.2849569320678711 1 0.4413788318634033
dataset/cstn/0547 1 0.0020134449005126953 48 11 1 0.5713365077972412 1 0.8838303089141846
dataset/cstn/0548 1 0.0021948814392089844 40 11 1 0.5708291530609131 1 0.581688404083252
dataset/cstn/0549 1 0.0018389225006103516 40 11 1 0.5611448287963867 1 0.5416688919067383
dataset/cstn/0550 1 0.002537965774536133 24 9 1 0.2814931869506836 1 0.35425400733947754
dataset/cstn/0551 1 0.0017290115356445312 32 9 1 0.29460835456848145 1 0.369581937789917
dataset/cstn/0552 1 0.0019373893737792969 32 11 1 0.5721101760864258 1 0.976081371307373
dataset/cstn/0553 1 0.0016205310821533203 24 11 1 0.28756141662597656 1 0.13844919204711914
dataset/cstn/0554 1 0.0016353130340576172 24 11 1 0.5594754219055176 1 0.6921482086181641
dataset/cstn/0555 1 0.0019636154174804688 48 11 1 0.5599262714385986 1 0.6073431968688965
dataset/cstn/0556 1 0.0017271041870117188 24 11 1 0.5441439151763916 1 0.4716191291809082
dataset/cstn/0557 1 0.0025086402893066406 24 11 1 0.27277565002441406 1 0.39763879776000977
dataset/cstn/0558 1 0.0018837451934814453 40 15 1 0.5684916973114014 1 0.7485635280609131
dataset/cstn/0559 1 0.001886606216430664 40 11 1 0.5666341781616211 1 0.6276094913482666
dataset/cstn/0560 1 0.001947641372680664 40 13 1 0.5614943504333496 1 1.188525676727295
dataset/cstn/0561 1 0.0019431114196777344 40 11 1 0.5872390270233154 1 0.8854484558105469
dataset/cstn/0562 1 0.001699209213256836 32 9 1 0.5626296997070312 1 0.39560699462890625
dataset/cstn/0563 1 0.0016040802001953125 24 9 1 0.2851440906524658 1 0.3087775707244873
dataset/cstn/0564 1 0.0017857551574707031 40 9 1 0.2890756130218506 1 0.4051520824432373
dataset/cstn/0565 1 0.0019521713256835938 40 13 1 0.5937449932098389 1 0.8555018901824951
dataset/cstn/0566 1 0.0018634796142578125 40 11 1 0.27245092391967773 1 0.3959965705871582
dataset/cstn/0567 1 0.001664876937866211 24 11 1 0.5637242794036865 1 0.6090834140777588
dataset/cstn/0568 1 0.0016977787017822266 32 11 1 0.28749871253967285 1 0.3794562816619873
dataset/cstn/0569 1 0.0016565322875976562 24 11 1 0.5525548458099365 1 0.5085458755493164
dataset/cstn/0570 1 0.0030815601348876953 48 13 1 0.5781881809234619 1 0.6349048614501953
dataset/cstn/0571 1 0.0016207695007324219 24 11 1 0.29053449630737305 1 0.35622477531433105
dataset/cstn/0572 1 0.0016851425170898438 32 9 1 0.5822768211364746 1 0.554999589920044
dataset/cstn/0573 1 0.0016524791717529297 24 11 1 0.5638999938964844 1 0.5931780338287354
dataset/cstn/0574 1 0.0020966529846191406 48 11 1 0.5588383674621582 1 0.8289365768432617
dataset/cstn/0575 1 0.0017397403717041016 24 9 1 0.28525280952453613 1 0.351395845413208
dataset/cstn/0576 1 0.0021033287048339844 48 11 1 0.5645239353179932 1 0.7435767650604248
dataset/cstn/0577 1 0.0018422603607177734 40 11 1 0.5733761787414551 1 0.7135965824127197
dataset/cstn/0578 1 0.0019261837005615234 48 11 1 0.5716078281402588 1 0.8397462368011475
dataset/cstn/0579 1 0.0018131732940673828 40 11 1 0.5742092132568359 1 0.5562098026275635
dataset/cstn/0580 1 0.0018224716186523438 40 11 1 0.5839707851409912 1 0.5590882301330566
dataset/cstn/0581 1 0.001745462417602539 24 11 1 0.28900718688964844 1 0.34905076026916504
dataset/cstn/0582 1 0.0018267631530761719 40 11 1 0.2790510654449463 1 0.3571200370788574
dataset/cstn/0583 1 0.0027379989624023438 24 11 1 0.28412556648254395 1 0.39437079429626465
dataset/cstn/0584 1 0.0017242431640625 32 11 1 0.5694358348846436 1 0.9114232063293457
dataset/cstn/0585 1 0.001813650131225586 32 11 1 0.5776157379150391 1 0.8964166641235352
dataset/cstn/0586 1 0.0027098655700683594 32 11 1 0.27971506118774414 1 0.3817880153656006
dataset/cstn/0587 1 0.0020291805267333984 40 11 1 0.5710022449493408 1 1.1709656715393066
dataset/cstn/0588 1 0.0017218589782714844 32 11 1 0.5707316398620605 1 0.7516720294952393
dataset/cstn/0589 1 0.0018498897552490234 32 11 1 0.2884383201599121 1 0.47579360008239746
dataset/cstn/0590 1 0.0017154216766357422 32 11 1 0.28595781326293945 1 0.3856165409088135
dataset/cstn/0591 1 0.0019750595092773438 48 11 1 0.5791330337524414 1 0.6948189735412598
dataset/cstn/0592 1 0.0026395320892333984 24 11 1 0.29668116569519043 1 0.39098525047302246
dataset/cstn/0593 1 0.0018825531005859375 40 11 1 0.5684592723846436 1 0.904376745223999
dataset/cstn/0594 1 0.0017774105072021484 24 13 1 0.5654251575469971 1 0.7318928241729736
dataset/cstn/0595 1 0.001813650131225586 40 11 1 0.5878498554229736 1 0.6420092582702637
dataset/cstn/0596 1 0.0018033981323242188 24 15 1 0.557457447052002 1 0.5832245349884033
dataset/cstn/0597 1 0.0019631385803222656 48 11 1 0.2802712917327881 1 0.5266475677490234
dataset/cstn/0598 1 0.0019526481628417969 48 11 1 0.2930107116699219 1 0.5263969898223877
dataset/cstn/0599 1 0.0018548965454101562 40 11 1 0.5595612525939941 1 0.948235273361206
dataset/cstn/0600 1 0.00185394287109375 48 9 1 0.27878546714782715 1 0.3461456298828125
dataset/cstn/0601 1 0.0018389225006103516 40 11 1 0.568138599395752 1 0.6497781276702881
dataset/cstn/0602 1 0.0018622875213623047 40 11 1 0.5720508098602295 1 0.7735996246337891
dataset/cstn/0603 1 0.0017914772033691406 32 11 1 0.2869741916656494 1 0.5965065956115723
dataset/cstn/0604 1 0.0016143321990966797 24 9 1 0.27973461151123047 1 0.2891197204589844
dataset/cstn/0605 1 0.003044605255126953 40 11 1 0.5840368270874023 1 0.7239041328430176
dataset/cstn/0606 1 0.0016901493072509766 24 9 1 0.2777843475341797 1 0.31829261779785156
dataset/cstn/0607 1 0.0017049312591552734 32 9 1 0.29013538360595703 1 0.373960018157959
dataset/cstn/0608 1 0.0019502639770507812 48 11 1 0.5744702816009521 1 0.77099609375
dataset/cstn/0609 1 0.0020325183868408203 48 11 1 0.28551340103149414 1 0.5261228084564209
dataset/cstn/0610 1 0.0016396045684814453 24 11 1 0.29353880882263184 1 0.39469480514526367
dataset/cstn/0611 1 0.0017971992492675781 40 11 1 0.2811310291290283 1 0.5237276554107666
dataset/cstn/0612 1 0.0016698837280273438 24 11 1 0.5633740425109863 1 0.6849825382232666
dataset/cstn/0613 1 0.00183868408203125 40 11 1 0.5784635543823242 1 0.6691174507141113
dataset/cstn/0614 1 0.0017883777618408203 32 11 1 0.5896127223968506 1 0.8322157859802246
dataset/cstn/0615 1 0.0021398067474365234 48 11 1 0.5660169124603271 1 0.8039474487304688
dataset/cstn/0616 1 0.0017385482788085938 32 11 1 0.28148555755615234 1 0.44153499603271484
dataset/cstn/0617 1 0.0016748905181884766 24 9 1 0.2832014560699463 1 0.3418002128601074
dataset/cstn/0618 1 0.0016474723815917969 24 11 1 0.5611064434051514 1 0.5478770732879639
dataset/cstn/0619 1 0.0019800662994384766 40 13 1 0.5876495838165283 1 1.580761194229126
dataset/cstn/0620 1 0.001996278762817383 48 11 1 0.2817974090576172 1 0.43299150466918945
dataset/cstn/0621 1 0.0017194747924804688 32 11 1 0.5592291355133057 1 0.687603235244751
dataset/cstn/0622 1 0.001979827880859375 48 11 1 0.5711214542388916 1 0.9776527881622314
dataset/cstn/0623 1 0.001642465591430664 24 9 1 0.2802255153656006 1 0.4130079746246338
dataset/cstn/0624 1 0.0023682117462158203 48 11 1 0.5610353946685791 1 0.7670862674713135
dataset/cstn/0625 1 0.0018002986907958984 32 11 1 0.5622701644897461 1 0.5655965805053711
dataset/cstn/0626 1 0.0018873214721679688 40 11 1 0.5485095977783203 1 0.5507340431213379
dataset/cstn/0627 1 0.0018935203552246094 48 11 1 0.28667449951171875 1 0.46276116371154785
dataset/cstn/0628 1 0.0017192363739013672 32 9 1 0.2792484760284424 1 0.36154723167419434
dataset/cstn/0629 1 0.0019600391387939453 40 11 1 0.5660419464111328 1 0.8596830368041992
dataset/cstn/0630 1 0.001783609390258789 40 11 1 0.2842555046081543 1 0.42646145820617676
dataset/cstn/0631 1 0.0028069019317626953 48 11 1 0.28496432304382324 1 0.441727876663208
dataset/cstn/0632 1 0.0017859935760498047 32 11 1 0.5763669013977051 1 0.5741052627563477
dataset/cstn/0633 1 0.0020592212677001953 48 11 1 0.5611381530761719 1 0.8826127052307129
dataset/cstn/0634 1 0.001720428466796875 32 11 1 0.28834056854248047 1 0.5296034812927246
dataset/cstn/0635 1 0.0018198490142822266 32 13 1 0.5683233737945557 1 0.8322615623474121
dataset/cstn/0636 1 0.002016305923461914 48 11 1 0.5810577869415283 1 0.8867208957672119
dataset/cstn/0637 1 0.0027189254760742188 48 11 1 0.5849881172180176 1 0.839174747467041
dataset/cstn/0638 1 0.001979351043701172 40 11 1 0.5636954307556152 1 0.9567487239837646
dataset/cstn/0639 1 0.0019121170043945312 40 11 1 0.5793735980987549 1 0.9851071834564209
dataset/cstn/0640 1 0.0017104148864746094 32 11 1 0.2956278324127197 1 0.35658788681030273
dataset/cstn/0641 1 0.0019092559814453125 48 11 1 0.28411316871643066 1 0.5324199199676514
dataset/cstn/0642 1 0.0019559860229492188 48 11 1 0.5658061504364014 1 0.611109733581543
dataset/cstn/0643 1 0.002760648727416992 48 11 1 0.2937495708465576 1 0.43976879119873047
dataset/cstn/0644 1 0.0016455650329589844 32 11 1 0.2848846912384033 1 0.3921964168548584
dataset/cstn/0645 1 0.001953601837158203 48 11 1 0.5752460956573486 1 0.7205862998962402
dataset/cstn/0646 1 0.0017285346984863281 24 11 1 0.2985653877258301 1 0.36860156059265137
dataset/cstn/0647 1 0.0029850006103515625 40 11 1 0.580094575881958 1 0.9021928310394287
dataset/cstn/0648 1 0.0017354488372802734 32 11 1 0.5711865425109863 1 0.914686918258667
dataset/cstn/0649 1 0.0019092559814453125 40 11 1 0.5713598728179932 1 0.8552076816558838
dataset/cstn/0650 1 0.0017390251159667969 32 11 1 0.28243589401245117 1 0.5040178298950195
dataset/cstn/0651 1 0.0016064643859863281 32 9 1 0.29985833168029785 1 0.31587958335876465
dataset/cstn/0652 1 0.001806497573852539 24 11 1 0.2817416191101074 1 0.37616872787475586
dataset/cstn/0653 1 0.001863241195678711 40 11 1 0.5677099227905273 1 0.83231520652771
dataset/cstn/0654 1 0.0015652179718017578 24 9 1 0.28716182708740234 1 0.30669236183166504
dataset/cstn/0655 1 0.001920461654663086 40 11 1 0.5730400085449219 1 0.6387710571289062
dataset/cstn/0656 1 0.001628875732421875 24 13 1 0.28427815437316895 1 0.16350936889648438
dataset/cstn/0657 1 0.0026369094848632812 32 11 1 0.290285587310791 1 0.5485522747039795
dataset/cstn/0658 1 0.0018792152404785156 40 11 1 0.5605642795562744 1 0.8684415817260742
dataset/cstn/0659 1 0.0016067028045654297 24 9 1 0.2841923236846924 1 0.34380269050598145
dataset/cstn/0660 1 0.0018277168273925781 32 13 1 0.5612726211547852 1 0.70224928855896
dataset/cstn/0661 1 0.0017266273498535156 32 11 1 0.284351110458374 1 0.45244336128234863
dataset/cstn/0662 1 0.0018360614776611328 40 11 1 0.5757434368133545 1 0.7534275054931641
dataset/cstn/0663 1 0.001726388931274414 32 11 1 0.2834587097167969 1 0.4335949420928955
dataset/cstn/0664 1 0.001689910888671875 24 11 1 0.2893698215484619 1 0.3905513286590576
dataset/cstn/0665 1 0.0017423629760742188 32 11 1 0.2900662422180176 1 0.38027262687683105
dataset/cstn/0666 1 0.0019683837890625 48 11 1 0.6195409297943115 1 0.7141549587249756
dataset/cstn/0667 1 0.001970052719116211 48 11 1 0.2764601707458496 1 0.41880369186401367
dataset/cstn/0668 1 0.0017542839050292969 32 11 1 0.2916111946105957 1 0.39897918701171875
dataset/cstn/0669 1 0.001653432846069336 24 11 1 0.28497791290283203 1 0.4183614253997803
dataset/cstn/0670 1 0.0017168521881103516 32 13 1 0.5697178840637207 1 1.343719482421875
dataset/cstn/0671 1 0.0016744136810302734 24 11 1 0.2857365608215332 1 0.4919009208679199
dataset/cstn/0672 1 0.0018367767333984375 40 11 1 0.5821497440338135 1 0.8645811080932617
dataset/cstn/0673 1 0.0018649101257324219 40 11 1 0.28882741928100586 1 0.5150079727172852
dataset/cstn/0674 1 0.00260162353515625 32 11 1 0.28185510635375977 1 0.5373151302337646
dataset/cstn/0675 1 0.0018999576568603516 48 11 1 0.5828783512115479 1 0.6683387756347656
dataset/cstn/0676 1 0.001814126968383789 40 11 1 0.28879642486572266 1 0.5633997917175293
dataset/cstn/0677 1 0.0018434524536132812 40 11 1 0.561211109161377 1 0.7914421558380127
dataset/cstn/0678 1 0.0018548965454101562 40 11 1 0.5624547004699707 1 0.942530632019043
dataset/cstn/0679 1 0.001950979232788086 48 11 1 0.28315281867980957 1 0.5650384426116943
dataset/cstn/0680 1 0.0016713142395019531 24 11 1 0.5652298927307129 1 0.5811455249786377
dataset/cstn/0681 1 0.0018415451049804688 40 11 1 0.5794768333435059 1 0.7583458423614502
dataset/cstn/0682 1 0.001687765121459961 24 11 1 0.5632414817810059 1 0.9227380752563477
dataset/cstn/0683 1 0.00269317626953125 24 11 1 0.5580072402954102 1 0.6118049621582031
dataset/cstn/0684 1 0.0017273426055908203 24 11 1 0.5797543525695801 1 0.7526865005493164
dataset/cstn/0685 1 0.0017604827880859375 32 9 1 0.564136266708374 1 0.49943017959594727
dataset/cstn/0686 1 0.0026836395263671875 48 11 1 0.2844572067260742 1 0.5827405452728271
dataset/cstn/0687 1 0.0017621517181396484 32 11 1 0.5645768642425537 1 0.9453151226043701
dataset/cstn/0688 1 0.0017971992492675781 40 11 1 0.2827160358428955 1 0.5024521350860596
dataset/cstn/0689 1 0.00182342529296875 32 11 1 0.5671203136444092 1 0.6720747947692871
dataset/cstn/0690 1 0.001711130142211914 32 9 1 0.569894552230835 1 0.3550550937652588
dataset/cstn/0691 1 0.0018565654754638672 40 11 1 0.5705158710479736 1 0.6952939033508301
dataset/cstn/0692 1 0.001840353012084961 32 11 1 0.5610320568084717 1 0.6814253330230713
dataset/cstn/0693 1 0.0016582012176513672 24 11 1 0.5923948287963867 1 0.4195218086242676
dataset/cstn/0694 1 0.0020189285278320312 48 11 1 0.5582234859466553 1 0.7615549564361572
dataset/cstn/0695 1 0.0018839836120605469 40 11 1 0.2836029529571533 1 0.542665958404541
dataset/cstn/0696 1 0.001922607421875 48 11 1 0.5737209320068359 1 0.7460787296295166
dataset/cstn/0697 1 0.001837015151977539 40 11 1 0.5873508453369141 1 0.7044627666473389
dataset/cstn/0698 1 0.0017497539520263672 32 11 1 0.5758717060089111 1 0.7394635677337646
dataset/cstn/0699 1 0.0017604827880859375 32 11 1 0.5662691593170166 1 0.8644487857818604
dataset/cstn/0700 1 0.0018339157104492188 40 11 1 0.2830803394317627 1 0.5618524551391602
dataset/cstn/0701 1 0.0019965171813964844 48 11 1 0.5734264850616455 1 0.8234610557556152
dataset/cstn/0702 1 0.0019214153289794922 40 11 1 0.5715203285217285 1 0.9839918613433838
dataset/cstn/0703 1 0.0018215179443359375 40 11 1 0.2871360778808594 1 0.4473607540130615
dataset/cstn/0704 1 0.0015871524810791016 24 11 1 0.2988150119781494 1 0.3775167465209961
dataset/cstn/0705 1 0.0019731521606445312 48 11 1 0.5670089721679688 1 0.7502055168151855
dataset/cstn/0706 1 0.001726388931274414 32 11 1 0.5716118812561035 1 0.7345259189605713
dataset/cstn/0707 1 0.0015671253204345703 24 9 1 0.30030226707458496 1 0.319624662399292
dataset/cstn/0708 1 0.0018811225891113281 40 11 1 0.5860750675201416 1 0.7250735759735107
dataset/cstn/0709 1 0.001768350601196289 24 17 1 0.5667059421539307 1 0.6485326290130615
dataset/cstn/0710 1 0.0020856857299804688 48 11 1 0.29692673683166504 1 0.5381190776824951
dataset/cstn/0711 1 0.0018444061279296875 40 11 1 0.2877662181854248 1 0.4781954288482666
dataset/cstn/0712 1 0.001963376998901367 48 11 1 0.5743653774261475 1 0.6771771907806396
dataset/cstn/0713 1 0.001615762710571289 24 11 1 0.2843129634857178 1 0.36785268783569336
dataset/cstn/0714 1 0.0018129348754882812 40 13 1 0.5666475296020508 1 1.190861463546753
dataset/cstn/0715 1 0.001987457275390625 48 11 1 0.5718746185302734 1 0.780036449432373
dataset/cstn/0716 1 0.001800537109375 40 11 1 0.564706563949585 1 0.6664392948150635
dataset/cstn/0717 1 0.0017485618591308594 32 11 1 0.5686769485473633 1 0.5160837173461914
dataset/cstn/0718 1 0.0016107559204101562 24 9 1 0.29575419425964355 1 0.3594014644622803
dataset/cstn/0719 1 0.002269744873046875 48 11 1 0.6003968715667725 1 0.816486120223999
dataset/cstn/0720 1 0.0017428398132324219 32 11 1 0.5539753437042236 1 0.5282909870147705
dataset/cstn/0721 1 0.0015707015991210938 24 7 1 0.2826073169708252 1 0.2620985507965088
dataset/cstn/0722 1 0.0018253326416015625 40 11 1 0.5585248470306396 1 0.5642828941345215
dataset/cstn/0723 1 0.0019736289978027344 48 11 1 0.5669436454772949 1 0.923224925994873
dataset/cstn/0724 1 0.0019097328186035156 40 11 1 0.5834965705871582 1 0.8300774097442627
dataset/cstn/0725 1 0.0017545223236083984 32 11 1 0.2872917652130127 1 0.5284547805786133
dataset/cstn/0726 1 0.0018489360809326172 48 9 1 0.28519463539123535 1 0.3415248394012451
dataset/cstn/0727 1 0.0017647743225097656 32 11 1 0.580937385559082 1 0.7767598628997803
dataset/cstn/0728 1 0.001699686050415039 24 13 1 0.563403844833374 1 0.6598200798034668
dataset/cstn/0729 1 0.0017061233520507812 24 11 1 0.27996134757995605 1 0.3739738464355469
dataset/cstn/0730 1 0.0017743110656738281 32 11 1 0.5621001720428467 1 0.524224042892456
dataset/cstn/0731 1 0.0017294883728027344 24 11 1 0.2848942279815674 1 0.33045506477355957
dataset/cstn/0732 1 0.0020017623901367188 48 11 1 0.5595076084136963 1 0.8811228275299072
dataset/cstn/0733 1 0.001918792724609375 48 11 1 0.5572476387023926 1 0.7604074478149414
dataset/cstn/0734 1 0.00173187255859375 32 11 1 0.2826402187347412 1 0.5543859004974365
dataset/cstn/0735 1 0.0016913414001464844 24 13 1 0.5639355182647705 1 0.8101847171783447
dataset/cstn/0736 1 0.0018320083618164062 32 11 1 0.5744383335113525 1 0.674297571182251
dataset/cstn/0737 1 0.0016598701477050781 24 11 1 0.2859840393066406 1 0.34482550621032715
dataset/cstn/0738 1 0.0018358230590820312 40 11 1 0.279552698135376 1 0.6060333251953125
dataset/cstn/0739 1 0.0017919540405273438 32 11 1 0.5716376304626465 1 0.581951379776001
dataset/cstn/0740 1 0.0017666816711425781 32 11 1 0.5796999931335449 1 0.543048620223999
dataset/cstn/0741 1 0.0017087459564208984 32 9 1 0.27745699882507324 1 0.37722063064575195
dataset/cstn/0742 1 0.0016973018646240234 24 11 1 0.29025840759277344 1 0.3609774112701416
dataset/cstn/0743 1 0.001978635787963867 48 11 1 0.5721964836120605 1 0.8273060321807861
dataset/cstn/0744 1 0.001726388931274414 32 11 1 0.572228193283081 1 0.7352488040924072
dataset/cstn/0745 1 0.0017895698547363281 32 11 1 0.5745201110839844 1 0.7989633083343506
dataset/cstn/0746 1 0.0017168521881103516 32 11 1 0.2885468006134033 1 0.43731188774108887
dataset/cstn/0747 1 0.001749277114868164 32 11 1 0.5712270736694336 1 0.6223354339599609
dataset/cstn/0748 1 0.0018343925476074219 32 11 1 0.5804858207702637 1 0.9398868083953857
dataset/cstn/0749 1 0.0018551349639892578 40 11 1 0.2923400402069092 1 0.5210845470428467
dataset/cstn/0750 1 0.0016734600067138672 24 11 1 0.575829029083252 1 0.5038220882415771
dataset/cstn/0751 1 0.001934051513671875 48 11 1 0.5676822662353516 1 0.6237068176269531
dataset/cstn/0752 1 0.0027637481689453125 40 11 1 0.5743696689605713 1 0.8925576210021973
dataset/cstn/0753 1 0.0016014575958251953 24 11 1 0.28331899642944336 1 0.36514735221862793
dataset/cstn/0754 1 0.001621246337890625 24 9 1 0.5657243728637695 1 0.34700989723205566
dataset/cstn/0755 1 0.001959562301635742 48 11 1 0.567969799041748 1 0.8936817646026611
dataset/cstn/0756 1 0.0015184879302978516 24 9 1 0.5546619892120361 1 0.4126865863800049
dataset/cstn/0757 1 0.0018749237060546875 40 11 1 0.5879969596862793 1 0.5344483852386475
dataset/cstn/0758 1 0.0019063949584960938 40 11 1 0.5664572715759277 1 0.6509203910827637
dataset/cstn/0759 1 0.001756429672241211 32 11 1 0.27962160110473633 1 0.45325732231140137
dataset/cstn/0760 1 0.0018610954284667969 40 11 1 0.5732593536376953 1 0.5310018062591553
dataset/cstn/0761 1 0.0016388893127441406 24 11 1 0.2806103229522705 1 0.3792281150817871
dataset/cstn/0762 1 0.0017828941345214844 32 11 1 0.565596342086792 1 0.6332385540008545
dataset/cstn/0763 1 0.0017533302307128906 24 11 1 0.29006075859069824 1 0.4594440460205078
dataset/cstn/0764 1 0.0018072128295898438 24 11 1 0.5614049434661865 1 0.5339038372039795
dataset/cstn/0765 1 0.001955270767211914 48 11 1 0.5712730884552002 1 0.7271852493286133
dataset/cstn/0766 1 0.001959085464477539 48 11 1 0.5700473785400391 1 0.5934371948242188
dataset/cstn/0767 1 0.0018575191497802734 40 11 1 0.5768961906433105 1 0.594641923904419
dataset/cstn/0768 1 0.0019609928131103516 48 11 1 0.565866231918335 1 0.6552608013153076
dataset/cstn/0769 1 0.0018725395202636719 32 11 1 0.5656886100769043 1 0.6113333702087402
dataset/cstn/0770 1 0.0018889904022216797 40 11 1 0.5617871284484863 1 1.1687185764312744
dataset/cstn/0771 1 0.0017924308776855469 40 11 1 0.5681133270263672 1 0.5278661251068115
dataset/cstn/0772 1 0.0016617774963378906 24 11 1 0.3109562397003174 1 0.364224910736084
dataset/cstn/0773 1 0.0016472339630126953 24 11 1 0.2806532382965088 1 0.38523006439208984
dataset/cstn/0774 1 0.001743316650390625 32 11 1 0.5701932907104492 1 0.5927703380584717
dataset/cstn/0775 1 0.0020008087158203125 48 11 1 0.587916374206543 1 0.7767651081085205
dataset/cstn/0776 1 0.001718282699584961 32 9 1 0.28650975227355957 1 0.36835169792175293
dataset/cstn/0777 1 0.0018024444580078125 40 9 1 0.5708808898925781 1 0.49468207359313965
dataset/cstn/0778 1 0.0017583370208740234 24 11 1 0.28182363510131836 1 0.5442478656768799
dataset/cstn/0779 1 0.001962900161743164 48 11 1 0.5599474906921387 1 0.6760158538818359
dataset/cstn/0780 1 0.0017790794372558594 32 11 1 0.2967991828918457 1 0.3857250213623047
dataset/cstn/0781 1 0.002030611038208008 48 11 1 0.5539491176605225 1 0.6344132423400879
dataset/cstn/0782 1 0.002977609634399414 48 11 1 0.5497043132781982 1 0.7037169933319092
dataset/cstn/0783 1 0.0017380714416503906 32 11 1 0.5590815544128418 1 0.7694008350372314
dataset/cstn/0784 1 0.0016384124755859375 24 9 1 0.2800333499908447 1 0.2857489585876465
dataset/cstn/0785 1 0.0018203258514404297 32 11 1 0.2890758514404297 1 0.36156320571899414
dataset/cstn/0786 1 0.0017170906066894531 32 11 1 0.289989709854126 1 0.4112071990966797
dataset/cstn/0787 1 0.0017170906066894531 32 11 1 0.2746140956878662 1 0.45001220703125
dataset/cstn/0788 1 0.001668691635131836 24 9 1 0.5763919353485107 1 0.38957834243774414
dataset/cstn/0789 1 0.0016927719116210938 32 9 1 0.29561638832092285 1 0.322312593460083
dataset/cstn/0790 1 0.002076864242553711 48 11 1 0.5670211315155029 1 0.7022624015808105
dataset/cstn/0791 1 0.002086162567138672 48 13 1 0.5721516609191895 1 1.037186622619629
dataset/cstn/0792 1 0.001889944076538086 48 11 1 0.5723869800567627 1 0.8378512859344482
dataset/cstn/0793 1 0.001852273941040039 40 11 1 0.2836315631866455 1 0.5174663066864014
dataset/cstn/0794 1 0.0019745826721191406 48 11 1 0.5688676834106445 1 0.8382008075714111
dataset/cstn/0795 1 0.0020668506622314453 48 11 1 0.5775594711303711 1 0.7942295074462891
dataset/cstn/0796 1 0.0016868114471435547 32 11 1 0.28988194465637207 1 0.46949267387390137
dataset/cstn/0797 1 0.001844644546508789 24 11 1 0.28176021575927734 1 0.3434784412384033
dataset/cstn/0798 1 0.0018463134765625 40 11 1 0.5619175434112549 1 0.601287841796875
dataset/cstn/0799 1 0.001674652099609375 24 11 1 0.5709254741668701 1 1.868283987045288
dataset/cstn/0800 1 0.0018401145935058594 24 9 1 0.28244805335998535 1 0.2953917980194092
dataset/cstn/0801 1 0.0017604827880859375 32 11 1 0.5714538097381592 1 0.5706014633178711
dataset/cstn/0802 1 0.0020105838775634766 48 11 1 0.28046464920043945 1 0.5726292133331299
dataset/cstn/0803 1 0.0017557144165039062 24 11 1 0.286160945892334 1 0.3563234806060791
dataset/cstn/0804 1 0.0019512176513671875 48 11 1 0.571462869644165 1 0.6580677032470703
dataset/cstn/0805 1 0.0016210079193115234 24 9 1 0.5695915222167969 1 0.5516049861907959
dataset/cstn/0806 1 0.002009868621826172 48 11 1 0.568547248840332 1 0.8768000602722168
dataset/cstn/0807 1 0.0019099712371826172 48 11 1 0.2787032127380371 1 0.4954249858856201
dataset/cstn/0808 1 0.0017383098602294922 32 11 1 0.5649991035461426 1 0.6658375263214111
dataset/cstn/0809 1 0.0017902851104736328 32 11 1 0.5716714859008789 1 0.6140673160552979
dataset/cstn/0810 1 0.001981496810913086 48 11 1 0.5864667892456055 1 0.8159151077270508
dataset/cstn/0811 1 0.0016603469848632812 32 11 1 0.2807738780975342 1 0.44249439239501953
dataset/cstn/0812 1 0.001611471176147461 24 9 1 0.28528499603271484 1 0.32707667350769043
dataset/cstn/0813 1 0.0017194747924804688 32 11 1 0.562741756439209 1 0.5305931568145752
dataset/cstn/0814 1 0.0018346309661865234 40 11 1 0.2880687713623047 1 0.42677736282348633
dataset/cstn/0815 1 0.0016520023345947266 24 11 1 0.5587160587310791 1 0.7288913726806641
dataset/cstn/0816 1 0.0019185543060302734 48 11 1 0.5663800239562988 1 0.525498628616333
dataset/cstn/0817 1 0.0016400814056396484 24 9 1 0.29468631744384766 1 0.3293132781982422
dataset/cstn/0818 1 0.001852273941040039 40 11 1 0.5580711364746094 1 0.8416266441345215
dataset/cstn/0819 1 0.001954793930053711 48 11 1 0.5785510540008545 1 0.8035666942596436
dataset/cstn/0820 1 0.0015645027160644531 24 9 1 0.2853972911834717 1 0.285017728805542
dataset/cstn/0821 1 0.0018401145935058594 40 11 1 0.2858743667602539 1 0.42603492736816406
dataset/cstn/0822 1 0.0020842552185058594 32 11 1 0.2818169593811035 1 0.4428997039794922
dataset/cstn/0823 1 0.0016748905181884766 24 13 1 0.5636143684387207 1 0.5456821918487549
dataset/cstn/0824 1 0.0018720626831054688 40 11 1 0.5574932098388672 1 0.9472372531890869
dataset/cstn/0825 1 0.00182342529296875 32 11 1 0.5910665988922119 1 0.6805460453033447
dataset/cstn/0826 1 0.0018379688262939453 40 13 1 0.2831096649169922 1 0.5002307891845703
dataset/cstn/0827 1 0.0018651485443115234 40 11 1 0.5518660545349121 1 0.6544806957244873
dataset/cstn/0828 1 0.0020513534545898438 40 11 1 0.5704593658447266 1 0.7229321002960205
dataset/cstn/0829 1 0.0019195079803466797 48 11 1 0.5582592487335205 1 0.808884859085083
dataset/cstn/0830 1 0.0018794536590576172 40 11 1 0.5804862976074219 1 0.5945761203765869
dataset/cstn/0831 1 0.001865386962890625 40 11 1 0.5653138160705566 1 0.646831750869751
dataset/cstn/0832 1 0.0017788410186767578 32 11 1 0.5591304302215576 1 0.5162782669067383
dataset/cstn/0833 1 0.0018208026885986328 40 11 1 0.2865571975708008 1 0.5598258972167969
dataset/cstn/0834 1 0.0018305778503417969 40 11 1 0.5583422183990479 1 0.6969761848449707
dataset/cstn/0835 1 0.0016951560974121094 24 9 1 0.28152012825012207 1 0.36649298667907715
dataset/cstn/0836 1 0.0018830299377441406 40 11 1 0.5646865367889404 1 0.8843374252319336
dataset/cstn/0837 1 0.0032074451446533203 48 11 1 0.5730855464935303 1 0.9813921451568604
dataset/cstn/0838 1 0.0017900466918945312 32 13 1 0.5697348117828369 1 0.7371737957000732
dataset/cstn/0839 1 0.0018734931945800781 40 11 1 0.6007843017578125 1 0.7476861476898193
dataset/cstn/0840 1 0.0017175674438476562 32 11 1 0.28942036628723145 1 0.3755803108215332
dataset/cstn/0841 1 0.0018563270568847656 40 11 1 0.5552799701690674 1 0.7669522762298584
dataset/cstn/0842 1 0.0018579959869384766 40 11 1 0.5865890979766846 1 0.6304757595062256
dataset/cstn/0843 1 0.0015799999237060547 24 9 1 0.27545738220214844 1 0.28218889236450195
dataset/cstn/0844 1 0.0017409324645996094 24 11 1 0.28165531158447266 1 0.3727288246154785
dataset/cstn/0845 1 0.001689910888671875 32 9 1 0.5823631286621094 1 0.473858118057251
dataset/cstn/0846 1 0.0016372203826904297 24 11 1 0.567598819732666 1 0.5246865749359131
dataset/cstn/0847 1 0.0017993450164794922 40 11 1 0.282686710357666 1 0.5222468376159668
dataset/cstn/0848 1 0.0018916130065917969 48 11 1 0.2794525623321533 1 0.3737201690673828
dataset/cstn/0849 1 0.002025604248046875 48 11 1 0.5513193607330322 1 0.7441418170928955
dataset/cstn/0850 1 0.0026330947875976562 24 13 1 0.5726640224456787 1 0.90382981300354
dataset/cstn/0851 1 0.0016567707061767578 24 11 1 0.5659182071685791 1 0.7847797870635986
dataset/cstn/0852 1 0.0018761157989501953 40 13 1 0.2917208671569824 1 0.155731201171875
dataset/cstn/0853 1 0.0016055107116699219 24 9 1 0.2874937057495117 1 0.334017276763916
dataset/cstn/0854 1 0.0018541812896728516 40 11 1 0.28610920906066895 1 0.4438924789428711
dataset/cstn/0855 1 0.0020432472229003906 48 11 1 0.5595762729644775 1 0.7529149055480957
dataset/cstn/0856 1 0.0018618106842041016 40 11 1 0.5576870441436768 1 1.0095634460449219
dataset/cstn/0857 1 0.0018630027770996094 40 11 1 0.5836730003356934 1 0.9792966842651367
dataset/cstn/0858 1 0.0016863346099853516 24 11 1 0.28772735595703125 1 0.3050410747528076
dataset/cstn/0859 1 0.001611471176147461 24 9 1 0.2781248092651367 1 0.288071870803833
dataset/cstn/0860 1 0.0025932788848876953 32 11 1 0.5797014236450195 1 0.7674224376678467
dataset/cstn/0861 1 0.0017418861389160156 32 11 1 0.5693857669830322 1 0.8989582061767578
dataset/cstn/0862 1 0.0015912055969238281 24 11 1 0.286423921585083 1 0.326465368270874
dataset/cstn/0863 1 0.0017199516296386719 24 11 1 0.28491997718811035 1 0.3515622615814209
dataset/cstn/0864 1 0.0016803741455078125 24 11 1 0.27646398544311523 1 0.46785521507263184
dataset/cstn/0865 1 0.0017540454864501953 32 11 1 0.5661458969116211 1 0.5719263553619385
dataset/cstn/0866 1 0.0018148422241210938 40 11 1 0.5619616508483887 1 1.1179444789886475
dataset/cstn/0867 1 0.0016677379608154297 24 11 1 0.27980947494506836 1 0.4204089641571045
dataset/cstn/0868 1 0.0018157958984375 32 13 1 0.5611381530761719 1 0.650526762008667
dataset/cstn/0869 1 0.0018725395202636719 40 11 1 0.5756542682647705 1 0.6725666522979736
dataset/cstn/0870 1 0.001718759536743164 32 11 1 0.2883179187774658 1 0.3764517307281494
dataset/cstn/0871 1 0.0016832351684570312 24 11 1 0.2903017997741699 1 0.3170170783996582
dataset/cstn/0872 1 0.0015406608581542969 24 9 1 0.2819216251373291 1 0.37898945808410645
dataset/cstn/0873 1 0.0019195079803466797 48 11 1 0.31110525131225586 1 0.5813887119293213
dataset/cstn/0874 1 0.0017039775848388672 24 9 1 0.2862832546234131 1 0.3443920612335205
dataset/cstn/0875 1 0.002039670944213867 48 11 1 0.5735039710998535 1 0.8716633319854736
dataset/cstn/0876 1 0.0019235610961914062 48 11 1 0.5653069019317627 1 0.8065304756164551
dataset/cstn/0877 1 0.001664876937866211 24 11 1 0.5791120529174805 1 0.5987539291381836
dataset/cstn/0878 1 0.0018966197967529297 40 11 1 0.29634594917297363 1 0.39064836502075195
dataset/cstn/0879 1 0.0017273426055908203 32 11 1 0.2845015525817871 1 0.45166826248168945
dataset/cstn/0880 1 0.0017344951629638672 24 9 1 0.27968788146972656 1 0.32509589195251465
dataset/cstn/0881 1 0.0015864372253417969 24 11 1 0.5823986530303955 1 0.6634044647216797
dataset/cstn/0882 1 0.0020341873168945312 48 13 1 0.5675265789031982 1 1.0321617126464844
dataset/cstn/0883 1 0.0017025470733642578 32 11 1 0.5584859848022461 1 0.7286996841430664
dataset/cstn/0884 1 0.0018107891082763672 40 11 1 0.28232550621032715 1 0.3564491271972656
dataset/cstn/0885 1 0.001558542251586914 24 9 1 0.5634162425994873 1 0.4596259593963623
dataset/cstn/0886 1 0.0017135143280029297 32 11 1 0.569455623626709 1 0.6868047714233398
dataset/cstn/0887 1 0.0016529560089111328 24 9 1 0.2787020206451416 1 0.29040050506591797
dataset/cstn/0888 1 0.0016562938690185547 24 11 1 0.28751444816589355 1 0.35807371139526367
dataset/cstn/0889 1 0.002004384994506836 48 11 1 0.5689656734466553 1 0.7884261608123779
dataset/cstn/0890 1 0.0018966197967529297 32 11 1 0.27959179878234863 1 0.5203125476837158
dataset/cstn/0891 1 0.001844644546508789 40 11 1 0.5667057037353516 1 0.6300010681152344
dataset/cstn/0892 1 0.002027750015258789 48 11 1 0.5655200481414795 1 0.9756572246551514
dataset/cstn/0893 1 0.0027570724487304688 40 11 1 0.5617680549621582 1 1.0889968872070312
dataset/cstn/0894 1 0.0018625259399414062 40 11 1 0.5749099254608154 1 0.9289731979370117
dataset/cstn/0895 1 0.0016751289367675781 32 11 1 0.5817022323608398 1 0.9240539073944092
dataset/cstn/0896 1 0.0018661022186279297 40 11 1 0.5671567916870117 1 0.7707433700561523
dataset/cstn/0897 1 0.002042055130004883 48 11 1 0.5799477100372314 1 0.9741005897521973
dataset/cstn/0898 1 0.0016527175903320312 24 11 1 0.5711760520935059 1 0.7790548801422119
dataset/cstn/0899 1 0.001649618148803711 24 11 1 0.28262782096862793 1 0.2998318672180176
dataset/cstn/0900 1 0.001848459243774414 40 11 1 0.5712981224060059 1 0.5713231563568115
dataset/cstn/0901 1 0.001598358154296875 24 9 1 0.5671930313110352 1 0.5714747905731201
dataset/cstn/0902 1 0.00214385986328125 48 11 1 0.5673089027404785 1 0.7031388282775879
dataset/cstn/0903 1 0.0017809867858886719 32 11 1 0.562553882598877 1 0.51112961769104
dataset/cstn/0904 1 0.0017781257629394531 32 11 1 0.5726909637451172 1 0.69624924659729
dataset/cstn/0905 1 0.0019159317016601562 48 11 1 0.5841634273529053 1 0.8505706787109375
dataset/cstn/0906 1 0.0016913414001464844 24 11 1 0.5856547355651855 1 0.5633151531219482
dataset/cstn/0907 1 0.0018398761749267578 40 11 1 0.5749249458312988 1 0.8971779346466064
dataset/cstn/0908 1 0.001733541488647461 32 11 1 0.2837657928466797 1 0.5160632133483887
dataset/cstn/0909 1 0.0020415782928466797 48 17 1 0.562495231628418 1 1.1154277324676514
dataset/cstn/0910 1 0.0023641586303710938 24 11 1 0.5670511722564697 1 0.19473528861999512
dataset/cstn/0911 1 0.0018720626831054688 24 9 1 0.31182074546813965 1 0.2917461395263672
dataset/cstn/0912 1 0.0016717910766601562 24 11 1 0.566857099533081 1 0.6995489597320557
dataset/cstn/0913 1 0.001972675323486328 48 11 1 0.5762326717376709 1 0.8401143550872803
dataset/cstn/0914 1 0.0019123554229736328 48 11 1 0.5684082508087158 1 0.773019552230835
dataset/cstn/0915 1 0.002059459686279297 48 11 1 0.5634200572967529 1 0.8489990234375
dataset/cstn/0916 1 0.002033710479736328 48 11 1 0.5695037841796875 1 0.8756601810455322
dataset/cstn/0917 1 0.0017771720886230469 40 11 1 0.292433500289917 1 0.3672916889190674
dataset/cstn/0918 1 0.0016901493072509766 24 13 1 0.5632948875427246 1 0.6927485466003418
dataset/cstn/0919 1 0.0015299320220947266 24 11 1 0.5798437595367432 1 0.44858598709106445
dataset/cstn/0920 1 0.0020275115966796875 48 11 1 0.5719139575958252 1 0.6196169853210449
dataset/cstn/0921 1 0.0017457008361816406 32 11 1 0.5749893188476562 1 0.663623571395874
dataset/cstn/0922 1 0.0016818046569824219 24 11 1 0.5784459114074707 1 0.6246628761291504
dataset/cstn/0923 1 0.0018374919891357422 40 11 1 0.5632257461547852 1 0.5351924896240234
dataset/cstn/0924 1 0.0020084381103515625 48 11 1 0.5672976970672607 1 1.093883752822876
dataset/cstn/0925 1 0.002684354782104492 32 11 1 0.28417301177978516 1 0.4294605255126953
dataset/cstn/0926 1 0.0017392635345458984 32 11 1 0.565122127532959 1 0.6830267906188965
dataset/cstn/0927 1 0.0018150806427001953 40 11 1 0.568293571472168 1 0.6740906238555908
dataset/cstn/0928 1 0.0018494129180908203 40 11 1 0.5627362728118896 1 0.6402699947357178
dataset/cstn/0929 1 0.0015454292297363281 24 9 1 0.5728292465209961 1 0.5485966205596924
dataset/cstn/0930 1 0.0019381046295166016 32 11 1 0.5656275749206543 1 0.682671308517456
dataset/cstn/0931 1 0.0019898414611816406 48 11 1 0.56819748878479 1 0.6544175148010254
dataset/cstn/0932 1 0.0018265247344970703 32 11 1 0.2944462299346924 1 0.5094356536865234
dataset/cstn/0933 1 0.0018651485443115234 40 11 1 0.5654802322387695 1 0.8973472118377686
dataset/cstn/0934 1 0.001939535140991211 48 11 1 0.5789821147918701 1 0.7300808429718018
dataset/cstn/0935 1 0.0019047260284423828 40 11 1 0.5641958713531494 1 0.6255323886871338
dataset/cstn/0936 1 0.0018932819366455078 48 11 1 0.5698466300964355 1 0.638493537902832
dataset/cstn/0937 1 0.0027618408203125 32 11 1 0.5716574192047119 1 0.7861611843109131
dataset/cstn/0938 1 0.0018079280853271484 32 11 1 0.5696897506713867 1 0.6738762855529785
dataset/cstn/0939 1 0.0016474723815917969 32 11 1 0.5650653839111328 1 0.6641359329223633
dataset/cstn/0940 1 0.002444744110107422 24 9 1 0.28117895126342773 1 0.3131601810455322
dataset/cstn/0941 1 0.0018084049224853516 40 11 1 0.2925117015838623 1 0.3996419906616211
dataset/cstn/0942 1 0.001760244369506836 32 11 1 0.5635004043579102 1 0.6990890502929688
dataset/cstn/0943 1 0.0017175674438476562 32 11 1 0.5622708797454834 1 0.7506670951843262
dataset/cstn/0944 1 0.001867055892944336 40 11 1 0.5661861896514893 1 0.9542968273162842
dataset/cstn/0945 1 0.0016963481903076172 32 11 1 0.27798914909362793 1 0.4502875804901123
dataset/cstn/0946 1 0.0017838478088378906 40 11 1 0.2843015193939209 1 0.43496251106262207
dataset/cstn/0947 1 0.0017669200897216797 32 11 1 0.5772981643676758 1 0.528181791305542
dataset/cstn/0948 1 0.001964569091796875 48 11 1 0.2898828983306885 1 0.5348997116088867
dataset/cstn/0949 1 0.0016202926635742188 24 11 1 0.2775294780731201 1 0.28957104682922363
dataset/cstn/0950 1 0.001725912094116211 32 11 1 0.29144787788391113 1 0.3964536190032959
dataset/cstn/0951 1 0.0030870437622070312 48 11 1 0.5713834762573242 1 0.5953636169433594
dataset/cstn/0952 1 0.0019392967224121094 48 11 1 0.5679261684417725 1 0.8709208965301514
dataset/cstn/0953 1 0.0017948150634765625 40 11 1 0.5557475090026855 1 0.7392055988311768
dataset/cstn/0954 1 0.0024476051330566406 24 9 1 0.2796509265899658 1 0.31031155586242676
dataset/cstn/0955 1 0.0016520023345947266 24 11 1 0.5696520805358887 1 0.5564777851104736
dataset/cstn/0956 1 0.0016641616821289062 24 11 1 0.5706536769866943 1 0.5923748016357422
dataset/cstn/0957 1 0.0017132759094238281 32 11 1 0.2870914936065674 1 0.4541337490081787
dataset/cstn/0958 1 0.001737833023071289 32 11 1 0.2812352180480957 1 0.5326073169708252
dataset/cstn/0959 1 0.0019605159759521484 48 11 1 0.28381943702697754 1 0.47100186347961426
dataset/cstn/0960 1 0.0016472339630126953 32 9 1 0.2797558307647705 1 0.31528353691101074
dataset/cstn/0961 1 0.0017490386962890625 32 11 1 0.5738215446472168 1 0.7110743522644043
dataset/cstn/0962 1 0.001998424530029297 48 11 1 0.5683107376098633 1 0.8205926418304443
dataset/cstn/0963 1 0.0019130706787109375 40 11 1 0.2792549133300781 1 0.36736321449279785
dataset/cstn/0964 1 0.0017242431640625 32 9 1 0.28615903854370117 1 0.33143091201782227
dataset/cstn/0965 1 0.002866983413696289 48 11 1 0.5637991428375244 1 0.76171875
dataset/cstn/0966 1 0.0020265579223632812 40 13 1 0.5709152221679688 1 0.6177995204925537
dataset/cstn/0967 1 0.0017859935760498047 32 11 1 0.5662775039672852 1 0.7106759548187256
dataset/cstn/0968 1 0.002499818801879883 32 11 1 0.28708791732788086 1 0.452254056930542
dataset/cstn/0969 1 0.0018935203552246094 48 11 1 0.27877330780029297 1 0.5875949859619141
dataset/cstn/0970 1 0.0018267631530761719 40 11 1 0.576866626739502 1 0.648637056350708
dataset/cstn/0971 1 0.0016510486602783203 24 9 1 0.5645952224731445 1 0.4656484127044678
dataset/cstn/0972 1 0.0017778873443603516 32 11 1 0.5655913352966309 1 0.709972620010376
dataset/cstn/0973 1 0.0017032623291015625 24 11 1 0.574207067489624 1 0.5525658130645752
dataset/cstn/0974 1 0.0018897056579589844 48 11 1 0.5678157806396484 1 0.8188040256500244
dataset/cstn/0975 1 0.0019330978393554688 48 11 1 0.28484153747558594 1 0.4893364906311035
dataset/cstn/0976 1 0.0017044544219970703 24 11 1 0.588709831237793 1 0.5693056583404541
dataset/cstn/0977 1 0.0020172595977783203 48 11 1 0.5558202266693115 1 0.8114268779754639
dataset/cstn/0978 1 0.0018308162689208984 40 11 1 0.27895426750183105 1 0.5045406818389893
dataset/cstn/0979 1 0.0017116069793701172 32 11 1 0.5756881237030029 1 0.7785029411315918
dataset/cstn/0980 1 0.0018448829650878906 40 11 1 0.580385684967041 1 0.8067147731781006
dataset/cstn/0981 1 0.0018355846405029297 40 9 1 0.5679709911346436 1 0.44718313217163086
dataset/cstn/0982 1 0.0017087459564208984 32 11 1 0.2954075336456299 1 0.32501721382141113
dataset/cstn/0983 1 0.0017697811126708984 24 11 1 0.2794513702392578 1 0.36772608757019043
dataset/cstn/0984 1 0.0019381046295166016 48 11 1 0.5700578689575195 1 0.8603653907775879
dataset/cstn/0985 1 0.001657247543334961 32 11 1 0.5717897415161133 1 0.4493856430053711
dataset/cstn/0986 1 0.0020389556884765625 48 11 1 0.5717892646789551 1 0.9648058414459229
dataset/cstn/0987 1 0.0025484561920166016 32 11 1 0.28063082695007324 1 0.3572111129760742
dataset/cstn/0988 1 0.0018472671508789062 48 11 1 0.29328155517578125 1 0.4079122543334961
dataset/cstn/0989 1 0.001977682113647461 48 11 1 0.5622475147247314 1 0.6359241008758545
dataset/cstn/0990 1 0.0017457008361816406 32 11 1 0.581104040145874 1 0.5127453804016113
dataset/cstn/0991 1 0.001926422119140625 24 11 1 0.5660943984985352 1 0.7047004699707031
dataset/cstn/0992 1 0.0016703605651855469 24 11 1 0.28514790534973145 1 0.36487865447998047
dataset/cstn/0993 1 0.0016558170318603516 24 11 1 0.2858140468597412 1 0.34061717987060547
dataset/cstn/0994 1 0.0016145706176757812 24 9 1 0.5742638111114502 1 0.45039963722229004
dataset/cstn/0995 1 0.0016512870788574219 24 11 1 0.28171396255493164 1 0.37536001205444336
dataset/cstn/0996 1 0.001913309097290039 48 11 1 0.282240629196167 1 0.5749366283416748
dataset/cstn/0997 1 0.0019137859344482422 48 11 1 0.5730042457580566 1 0.7522385120391846
dataset/cstn/0998 1 0.001708984375 32 11 1 0.5885708332061768 1 0.4884176254272461
dataset/cstn/0999 1 0.0018613338470458984 40 11 1 0.5571911334991455 1 0.7422399520874023
dataset/cstn/1000 1 0.0017504692077636719 32 11 1 0.6077370643615723 1 0.755378246307373
