dataset/stn/0001 1 0.0010373592376708984 32 9 1 0.1467452049255371 1 0.1467452049255371
dataset/stn/0002 1 0.0009551048278808594 24 9 1 0.14794588088989258 1 0.14794588088989258
dataset/stn/0003 1 0.0012710094451904297 48 11 1 0.13997721672058105 1 0.13997721672058105
dataset/stn/0004 1 0.0012316703796386719 40 11 1 0.14373183250427246 1 0.14373183250427246
dataset/stn/0005 1 0.0012211799621582031 40 11 1 0.14520668983459473 1 0.14520668983459473
dataset/stn/0006 1 0.0010221004486083984 24 11 1 0.16231489181518555 1 0.16231489181518555
dataset/stn/0007 1 0.0013127326965332031 48 11 1 0.16055679321289062 1 0.16055679321289062
dataset/stn/0008 1 0.0009806156158447266 24 11 1 0.14258432388305664 1 0.14258432388305664
dataset/stn/0009 1 0.0012979507446289062 48 11 1 0.13625669479370117 1 0.13625669479370117
dataset/stn/0010 1 0.0010921955108642578 32 11 1 0.13979840278625488 1 0.13979840278625488
dataset/stn/0011 1 0.0012731552124023438 48 11 1 0.13915777206420898 1 0.13915777206420898
dataset/stn/0012 1 0.001001119613647461 24 11 1 0.14214110374450684 1 0.14214110374450684
dataset/stn/0013 1 0.0012156963348388672 40 11 1 0.14107894897460938 1 0.14107894897460938
dataset/stn/0014 1 0.0011150836944580078 32 11 1 0.14352655410766602 1 0.14352655410766602
dataset/stn/0015 1 0.0009922981262207031 24 11 1 0.1546175479888916 1 0.1546175479888916
dataset/stn/0016 1 0.0010390281677246094 24 11 1 0.13979697227478027 1 0.13979697227478027
dataset/stn/0017 1 0.0009610652923583984 24 9 1 0.15111494064331055 1 0.15111494064331055
dataset/stn/0018 1 0.0012927055358886719 48 11 1 0.14176630973815918 1 0.14176630973815918
dataset/stn/0019 1 0.0010597705841064453 24 11 1 0.13905644416809082 1 0.13905644416809082
dataset/stn/0020 1 0.0017552375793457031 32 9 1 0.13878369331359863 1 0.13878369331359863
dataset/stn/0021 1 0.0013010501861572266 48 11 1 0.1410224437713623 1 0.1410224437713623
dataset/stn/0022 1 0.0013346672058105469 48 11 1 0.1404554843902588 1 0.1404554843902588
dataset/stn/0023 1 0.001012563705444336 24 11 1 0.14359259605407715 1 0.14359259605407715
dataset/stn/0024 1 0.0010614395141601562 24 9 1 0.14070844650268555 1 0.14070844650268555
dataset/stn/0025 1 0.001035928726196289 32 9 1 0.1472792625427246 1 0.1472792625427246
dataset/stn/0026 1 0.0012974739074707031 48 11 1 0.1399698257446289 1 0.1399698257446289
dataset/stn/0027 1 0.0011515617370605469 32 11 1 0.14118623733520508 1 0.14118623733520508
dataset/stn/0028 1 0.0022430419921875 48 11 1 0.14518141746520996 1 0.14518141746520996
dataset/stn/0029 1 0.0013265609741210938 48 11 1 0.14314985275268555 1 0.14314985275268555
dataset/stn/0030 1 0.0012805461883544922 48 11 1 0.1424119472503662 1 0.1424119472503662
dataset/stn/0031 1 0.0013194084167480469 40 11 1 0.13844060897827148 1 0.13844060897827148
dataset/stn/0032 1 0.0011906623840332031 40 11 1 0.14189624786376953 1 0.14189624786376953
dataset/stn/0033 1 0.001142263412475586 32 11 1 0.14303302764892578 1 0.14303302764892578
dataset/stn/0034 1 0.0009467601776123047 24 9 1 0.14158201217651367 1 0.14158201217651367
dataset/stn/0035 1 0.0010273456573486328 24 11 1 0.14117002487182617 1 0.14117002487182617
dataset/stn/0036 1 0.0019333362579345703 24 11 1 0.14559650421142578 1 0.14559650421142578
dataset/stn/0037 1 0.000982522964477539 24 11 1 0.1355435848236084 1 0.1355435848236084
dataset/stn/0038 1 0.0009646415710449219 24 9 1 0.14006996154785156 1 0.14006996154785156
dataset/stn/0039 1 0.0010023117065429688 24 11 1 0.1407022476196289 1 0.1407022476196289
dataset/stn/0040 1 0.0013616085052490234 40 11 1 0.1446826457977295 1 0.1446826457977295
dataset/stn/0041 1 0.0011789798736572266 40 11 1 0.14063453674316406 1 0.14063453674316406
dataset/stn/0042 1 0.0011174678802490234 32 11 1 0.1395871639251709 1 0.1395871639251709
dataset/stn/0043 1 0.0009469985961914062 24 9 1 0.15477728843688965 1 0.15477728843688965
dataset/stn/0044 1 0.0013091564178466797 48 11 1 0.14305949211120605 1 0.14305949211120605
dataset/stn/0045 1 0.001088857650756836 32 11 1 0.141801118850708 1 0.141801118850708
dataset/stn/0046 1 0.00128173828125 48 11 1 0.14567232131958008 1 0.14567232131958008
dataset/stn/0047 1 0.0011258125305175781 32 11 1 0.15775752067565918 1 0.15775752067565918
dataset/stn/0048 1 0.0013234615325927734 48 11 1 0.14069676399230957 1 0.14069676399230957
dataset/stn/0049 1 0.0009932518005371094 24 11 1 0.14102530479431152 1 0.14102530479431152
dataset/stn/0050 1 0.0013422966003417969 48 11 1 0.1477503776550293 1 0.1477503776550293
dataset/stn/0051 1 0.0011196136474609375 32 11 1 0.14423465728759766 1 0.14423465728759766
dataset/stn/0052 1 0.0018405914306640625 24 9 1 0.13908147811889648 1 0.13908147811889648
dataset/stn/0053 1 0.0013270378112792969 48 11 1 0.14827656745910645 1 0.14827656745910645
dataset/stn/0054 1 0.0013642311096191406 48 11 1 0.1428813934326172 1 0.1428813934326172
dataset/stn/0055 1 0.0013141632080078125 48 11 1 0.15053415298461914 1 0.15053415298461914
dataset/stn/0056 1 0.0012326240539550781 40 11 1 0.14194846153259277 1 0.14194846153259277
dataset/stn/0057 1 0.0012857913970947266 48 11 1 0.14515185356140137 1 0.14515185356140137
dataset/stn/0058 1 0.0013082027435302734 48 11 1 0.14345002174377441 1 0.14345002174377441
dataset/stn/0059 1 0.0013117790222167969 48 11 1 0.1418161392211914 1 0.1418161392211914
dataset/stn/0060 1 0.0017428398132324219 32 11 1 0.1337566375732422 1 0.1337566375732422
dataset/stn/0061 1 0.0012373924255371094 40 11 1 0.14744782447814941 1 0.14744782447814941
dataset/stn/0062 1 0.0010459423065185547 24 11 1 0.1399552822113037 1 0.1399552822113037
dataset/stn/0063 1 0.0010099411010742188 24 11 1 0.138106107711792 1 0.138106107711792
dataset/stn/0064 1 0.0012865066528320312 48 11 1 0.1456623077392578 1 0.1456623077392578
dataset/stn/0065 1 0.0012085437774658203 40 11 1 0.13887381553649902 1 0.13887381553649902
dataset/stn/0066 1 0.001081228256225586 32 11 1 0.14474129676818848 1 0.14474129676818848
dataset/stn/0067 1 0.00127410888671875 48 11 1 0.14769244194030762 1 0.14769244194030762
dataset/stn/0068 1 0.0017406940460205078 24 9 1 0.14063549041748047 1 0.14063549041748047
dataset/stn/0069 1 0.0013079643249511719 48 11 1 0.14738798141479492 1 0.14738798141479492
dataset/stn/0070 1 0.0012617111206054688 40 11 1 0.14745354652404785 1 0.14745354652404785
dataset/stn/0071 1 0.0010466575622558594 32 9 1 0.14612650871276855 1 0.14612650871276855
dataset/stn/0072 1 0.001188039779663086 40 11 1 0.14007902145385742 1 0.14007902145385742
dataset/stn/0073 1 0.001222848892211914 40 11 1 0.14002227783203125 1 0.14002227783203125
dataset/stn/0074 1 0.0010986328125 32 11 1 0.14098429679870605 1 0.14098429679870605
dataset/stn/0075 1 0.0010881423950195312 32 11 1 0.1460251808166504 1 0.1460251808166504
dataset/stn/0076 1 0.001329660415649414 48 11 1 0.14272427558898926 1 0.14272427558898926
dataset/stn/0077 1 0.001275777816772461 48 11 1 0.14275431632995605 1 0.14275431632995605
dataset/stn/0078 1 0.0011744499206542969 40 11 1 0.14144086837768555 1 0.14144086837768555
dataset/stn/0079 1 0.0012850761413574219 48 11 1 0.14170384407043457 1 0.14170384407043457
dataset/stn/0080 1 0.0009915828704833984 24 11 1 0.14337420463562012 1 0.14337420463562012
dataset/stn/0081 1 0.0011587142944335938 40 11 1 0.14084386825561523 1 0.14084386825561523
dataset/stn/0082 1 0.0011775493621826172 40 11 1 0.14867329597473145 1 0.14867329597473145
dataset/stn/0083 1 0.0012080669403076172 40 11 1 0.14376521110534668 1 0.14376521110534668
dataset/stn/0084 1 0.001756906509399414 24 11 1 0.14433073997497559 1 0.14433073997497559
dataset/stn/0085 1 0.0012180805206298828 40 11 1 0.1372387409210205 1 0.1372387409210205
dataset/stn/0086 1 0.0013175010681152344 48 11 1 0.14403295516967773 1 0.14403295516967773
dataset/stn/0087 1 0.0009894371032714844 24 11 1 0.1434333324432373 1 0.1434333324432373
dataset/stn/0088 1 0.001005411148071289 24 11 1 0.15525293350219727 1 0.15525293350219727
dataset/stn/0089 1 0.0010166168212890625 24 11 1 0.14841985702514648 1 0.14841985702514648
dataset/stn/0090 1 0.0011932849884033203 40 11 1 0.14110755920410156 1 0.14110755920410156
dataset/stn/0091 1 0.0009965896606445312 24 11 1 0.15759539604187012 1 0.15759539604187012
dataset/stn/0092 1 0.0017647743225097656 32 11 1 0.14417552947998047 1 0.14417552947998047
dataset/stn/0093 1 0.001186370849609375 40 11 1 0.1451103687286377 1 0.1451103687286377
dataset/stn/0094 1 0.0011692047119140625 40 11 1 0.14103007316589355 1 0.14103007316589355
dataset/stn/0095 1 0.0012083053588867188 40 11 1 0.14058136940002441 1 0.14058136940002441
dataset/stn/0096 1 0.0013761520385742188 48 11 1 0.14463019371032715 1 0.14463019371032715
dataset/stn/0097 1 0.0010004043579101562 24 11 1 0.1433098316192627 1 0.1433098316192627
dataset/stn/0098 1 0.0011324882507324219 32 11 1 0.13367557525634766 1 0.13367557525634766
dataset/stn/0099 1 0.0011129379272460938 32 11 1 0.1466846466064453 1 0.1466846466064453
dataset/stn/0100 1 0.0018165111541748047 32 9 1 0.1377086639404297 1 0.1377086639404297
dataset/stn/0101 1 0.0011861324310302734 40 11 1 0.1445906162261963 1 0.1445906162261963
dataset/stn/0102 1 0.0011293888092041016 32 11 1 0.1413559913635254 1 0.1413559913635254
dataset/stn/0103 1 0.0011031627655029297 32 11 1 0.1480104923248291 1 0.1480104923248291
dataset/stn/0104 1 0.0010983943939208984 32 11 1 0.1576402187347412 1 0.1576402187347412
dataset/stn/0105 1 0.0011913776397705078 40 11 1 0.14463472366333008 1 0.14463472366333008
dataset/stn/0106 1 0.0012221336364746094 40 11 1 0.14567065238952637 1 0.14567065238952637
dataset/stn/0107 1 0.0010411739349365234 24 11 1 0.14388227462768555 1 0.14388227462768555
dataset/stn/0108 1 0.0011937618255615234 40 11 1 0.14185380935668945 1 0.14185380935668945
dataset/stn/0109 1 0.0012226104736328125 40 11 1 0.13991785049438477 1 0.13991785049438477
dataset/stn/0110 1 0.0011053085327148438 32 11 1 0.14201021194458008 1 0.14201021194458008
dataset/stn/0111 1 0.0010454654693603516 24 11 1 0.14107775688171387 1 0.14107775688171387
dataset/stn/0112 1 0.001077890396118164 32 9 1 0.1390211582183838 1 0.1390211582183838
dataset/stn/0113 1 0.0012879371643066406 48 11 1 0.14066529273986816 1 0.14066529273986816
dataset/stn/0114 1 0.0010080337524414062 24 11 1 0.14136409759521484 1 0.14136409759521484
dataset/stn/0115 1 0.0009734630584716797 24 9 1 0.14399290084838867 1 0.14399290084838867
dataset/stn/0116 1 0.0023543834686279297 48 11 1 0.14218807220458984 1 0.14218807220458984
dataset/stn/0117 1 0.0012364387512207031 40 11 1 0.14507198333740234 1 0.14507198333740234
dataset/stn/0118 1 0.0013155937194824219 48 11 1 0.1466689109802246 1 0.1466689109802246
dataset/stn/0119 1 0.0012896060943603516 48 11 1 0.1441972255706787 1 0.1441972255706787
dataset/stn/0120 1 0.0012128353118896484 40 11 1 0.14499306678771973 1 0.14499306678771973
dataset/stn/0121 1 0.0013165473937988281 48 11 1 0.15716314315795898 1 0.15716314315795898
dataset/stn/0122 1 0.0009605884552001953 24 9 1 0.139052152633667 1 0.139052152633667
dataset/stn/0123 1 0.0013017654418945312 48 11 1 0.14458584785461426 1 0.14458584785461426
dataset/stn/0124 1 0.0020656585693359375 40 11 1 0.1402723789215088 1 0.1402723789215088
dataset/stn/0125 1 0.001195669174194336 40 11 1 0.14146804809570312 1 0.14146804809570312
dataset/stn/0126 1 0.0010864734649658203 32 11 1 0.1420154571533203 1 0.1420154571533203
dataset/stn/0127 1 0.0011844635009765625 40 11 1 0.15123891830444336 1 0.15123891830444336
dataset/stn/0128 1 0.0009834766387939453 24 9 1 0.13941526412963867 1 0.13941526412963867
dataset/stn/0129 1 0.0010907649993896484 32 11 1 0.14930272102355957 1 0.14930272102355957
dataset/stn/0130 1 0.0013141632080078125 48 11 1 0.1421661376953125 1 0.1421661376953125
dataset/stn/0131 1 0.0012171268463134766 40 11 1 0.14640069007873535 1 0.14640069007873535
dataset/stn/0132 1 0.0021123886108398438 24 11 1 0.14031386375427246 1 0.14031386375427246
dataset/stn/0133 1 0.0010967254638671875 32 11 1 0.13926458358764648 1 0.13926458358764648
dataset/stn/0134 1 0.0012969970703125 48 11 1 0.14315462112426758 1 0.14315462112426758
dataset/stn/0135 1 0.001111745834350586 32 11 1 0.15219330787658691 1 0.15219330787658691
dataset/stn/0136 1 0.0012998580932617188 48 11 1 0.14999103546142578 1 0.14999103546142578
dataset/stn/0137 1 0.0011148452758789062 32 11 1 0.14249110221862793 1 0.14249110221862793
dataset/stn/0138 1 0.0009522438049316406 24 9 1 0.15647268295288086 1 0.15647268295288086
dataset/stn/0139 1 0.0011751651763916016 40 11 1 0.14571547508239746 1 0.14571547508239746
dataset/stn/0140 1 0.001024484634399414 24 11 1 0.1464850902557373 1 0.1464850902557373
dataset/stn/0141 1 0.0010077953338623047 24 11 1 0.14401459693908691 1 0.14401459693908691
dataset/stn/0142 1 0.0013747215270996094 32 11 1 0.14206433296203613 1 0.14206433296203613
dataset/stn/0143 1 0.0009906291961669922 24 9 1 0.13878750801086426 1 0.13878750801086426
dataset/stn/0144 1 0.0011975765228271484 40 11 1 0.14385318756103516 1 0.14385318756103516
dataset/stn/0145 1 0.0019893646240234375 32 11 1 0.14008188247680664 1 0.14008188247680664
dataset/stn/0146 1 0.0012977123260498047 48 11 1 0.14088845252990723 1 0.14088845252990723
dataset/stn/0147 1 0.001096963882446289 32 11 1 0.14573168754577637 1 0.14573168754577637
dataset/stn/0148 1 0.0013327598571777344 48 11 1 0.14162540435791016 1 0.14162540435791016
dataset/stn/0149 1 0.0012977123260498047 48 11 1 0.1421060562133789 1 0.1421060562133789
dataset/stn/0150 1 0.001322031021118164 48 11 1 0.14359641075134277 1 0.14359641075134277
dataset/stn/0151 1 0.0013480186462402344 48 11 1 0.14528965950012207 1 0.14528965950012207
dataset/stn/0152 1 0.0012927055358886719 48 11 1 0.14272260665893555 1 0.14272260665893555
dataset/stn/0153 1 0.0018634796142578125 40 11 1 0.14367914199829102 1 0.14367914199829102
dataset/stn/0154 1 0.0011725425720214844 24 11 1 0.14145588874816895 1 0.14145588874816895
dataset/stn/0155 1 0.001027822494506836 24 11 1 0.1407618522644043 1 0.1407618522644043
dataset/stn/0156 1 0.0009968280792236328 24 11 1 0.14105653762817383 1 0.14105653762817383
dataset/stn/0157 1 0.0010006427764892578 24 11 1 0.13486576080322266 1 0.13486576080322266
dataset/stn/0158 1 0.0010273456573486328 24 11 1 0.14311599731445312 1 0.14311599731445312
dataset/stn/0159 1 0.0011758804321289062 40 11 1 0.1418452262878418 1 0.1418452262878418
dataset/stn/0160 1 0.0012423992156982422 40 11 1 0.14453935623168945 1 0.14453935623168945
dataset/stn/0161 1 0.0018684864044189453 40 11 1 0.14139366149902344 1 0.14139366149902344
dataset/stn/0162 1 0.0012013912200927734 40 11 1 0.14037632942199707 1 0.14037632942199707
dataset/stn/0163 1 0.001323699951171875 48 11 1 0.13944625854492188 1 0.13944625854492188
dataset/stn/0164 1 0.0010251998901367188 24 11 1 0.1405785083770752 1 0.1405785083770752
dataset/stn/0165 1 0.0011858940124511719 32 11 1 0.14563274383544922 1 0.14563274383544922
dataset/stn/0166 1 0.0010411739349365234 32 9 1 0.14148306846618652 1 0.14148306846618652
dataset/stn/0167 1 0.0010018348693847656 24 11 1 0.1411731243133545 1 0.1411731243133545
dataset/stn/0168 1 0.0011818408966064453 40 11 1 0.14499902725219727 1 0.14499902725219727
dataset/stn/0169 1 0.0011868476867675781 32 11 1 0.14419865608215332 1 0.14419865608215332
dataset/stn/0170 1 0.0013093948364257812 48 11 1 0.13646364212036133 1 0.13646364212036133
dataset/stn/0171 1 0.0012738704681396484 48 11 1 0.1455976963043213 1 0.1455976963043213
dataset/stn/0172 1 0.0011050701141357422 24 11 1 0.14107584953308105 1 0.14107584953308105
dataset/stn/0173 1 0.0012819766998291016 48 11 1 0.1455061435699463 1 0.1455061435699463
dataset/stn/0174 1 0.001168966293334961 32 11 1 0.15352296829223633 1 0.15352296829223633
dataset/stn/0175 1 0.0012459754943847656 40 11 1 0.14615654945373535 1 0.14615654945373535
dataset/stn/0176 1 0.0011086463928222656 32 11 1 0.14066624641418457 1 0.14066624641418457
dataset/stn/0177 1 0.0012640953063964844 40 11 1 0.1467604637145996 1 0.1467604637145996
dataset/stn/0178 1 0.0013017654418945312 48 11 1 0.1493983268737793 1 0.1493983268737793
dataset/stn/0179 1 0.001195669174194336 40 11 1 0.14338278770446777 1 0.14338278770446777
dataset/stn/0180 1 0.0013852119445800781 48 11 1 0.14100193977355957 1 0.14100193977355957
dataset/stn/0181 1 0.0012192726135253906 48 9 1 0.14818334579467773 1 0.14818334579467773
dataset/stn/0182 1 0.0009894371032714844 24 11 1 0.1426558494567871 1 0.1426558494567871
dataset/stn/0183 1 0.001283407211303711 40 11 1 0.1407151222229004 1 0.1407151222229004
dataset/stn/0184 1 0.0012993812561035156 48 11 1 0.13987112045288086 1 0.13987112045288086
dataset/stn/0185 1 0.0019321441650390625 48 11 1 0.14205598831176758 1 0.14205598831176758
dataset/stn/0186 1 0.0009500980377197266 24 7 1 0.14736270904541016 1 0.14736270904541016
dataset/stn/0187 1 0.0011448860168457031 40 9 1 0.14246320724487305 1 0.14246320724487305
dataset/stn/0188 1 0.0012073516845703125 40 11 1 0.14644241333007812 1 0.14644241333007812
dataset/stn/0189 1 0.0011816024780273438 40 11 1 0.14758849143981934 1 0.14758849143981934
dataset/stn/0190 1 0.001276254653930664 48 11 1 0.16158294677734375 1 0.16158294677734375
dataset/stn/0191 1 0.0010089874267578125 24 11 1 0.13896965980529785 1 0.13896965980529785
dataset/stn/0192 1 0.001192331314086914 40 11 1 0.14449548721313477 1 0.14449548721313477
dataset/stn/0193 1 0.001974344253540039 48 11 1 0.14453697204589844 1 0.14453697204589844
dataset/stn/0194 1 0.0009927749633789062 24 11 1 0.14724135398864746 1 0.14724135398864746
dataset/stn/0195 1 0.0012879371643066406 48 11 1 0.14110708236694336 1 0.14110708236694336
dataset/stn/0196 1 0.001436471939086914 48 11 1 0.14600157737731934 1 0.14600157737731934
dataset/stn/0197 1 0.001016855239868164 24 11 1 0.14962220191955566 1 0.14962220191955566
dataset/stn/0198 1 0.0011394023895263672 32 11 1 0.1423053741455078 1 0.1423053741455078
dataset/stn/0199 1 0.0012023448944091797 40 11 1 0.1410222053527832 1 0.1410222053527832
dataset/stn/0200 1 0.0011682510375976562 40 11 1 0.13984918594360352 1 0.13984918594360352
dataset/stn/0201 1 0.001779317855834961 32 11 1 0.14154624938964844 1 0.14154624938964844
dataset/stn/0202 1 0.0012156963348388672 40 11 1 0.14722800254821777 1 0.14722800254821777
dataset/stn/0203 1 0.0012481212615966797 40 11 1 0.14444732666015625 1 0.14444732666015625
dataset/stn/0204 1 0.0012602806091308594 24 11 1 0.14235186576843262 1 0.14235186576843262
dataset/stn/0205 1 0.0012972354888916016 48 11 1 0.13293671607971191 1 0.13293671607971191
dataset/stn/0206 1 0.0013728141784667969 40 11 1 0.157332181930542 1 0.157332181930542
dataset/stn/0207 1 0.0012967586517333984 48 11 1 0.14365625381469727 1 0.14365625381469727
dataset/stn/0208 1 0.0009920597076416016 24 11 1 0.13475465774536133 1 0.13475465774536133
dataset/stn/0209 1 0.0017476081848144531 32 11 1 0.14123225212097168 1 0.14123225212097168
dataset/stn/0210 1 0.001194000244140625 40 11 1 0.14020276069641113 1 0.14020276069641113
dataset/stn/0211 1 0.001186370849609375 40 11 1 0.1375429630279541 1 0.1375429630279541
dataset/stn/0212 1 0.0009982585906982422 24 11 1 0.1394212245941162 1 0.1394212245941162
dataset/stn/0213 1 0.0012023448944091797 40 11 1 0.13967108726501465 1 0.13967108726501465
dataset/stn/0214 1 0.0011169910430908203 32 11 1 0.1430528163909912 1 0.1430528163909912
dataset/stn/0215 1 0.0011148452758789062 32 11 1 0.1631488800048828 1 0.1631488800048828
dataset/stn/0216 1 0.0010461807250976562 24 11 1 0.14855384826660156 1 0.14855384826660156
dataset/stn/0217 1 0.0022993087768554688 48 11 1 0.14530420303344727 1 0.14530420303344727
dataset/stn/0218 1 0.0011262893676757812 32 11 1 0.141465425491333 1 0.141465425491333
dataset/stn/0219 1 0.001313924789428711 48 11 1 0.14894652366638184 1 0.14894652366638184
dataset/stn/0220 1 0.0011098384857177734 32 11 1 0.14653468132019043 1 0.14653468132019043
dataset/stn/0221 1 0.0010905265808105469 32 11 1 0.15051698684692383 1 0.15051698684692383
dataset/stn/0222 1 0.0009641647338867188 24 9 1 0.14452767372131348 1 0.14452767372131348
dataset/stn/0223 1 0.0010561943054199219 32 9 1 0.14279747009277344 1 0.14279747009277344
dataset/stn/0224 1 0.0009701251983642578 24 9 1 0.1483006477355957 1 0.1483006477355957
dataset/stn/0225 1 0.001978158950805664 48 11 1 0.14537787437438965 1 0.14537787437438965
dataset/stn/0226 1 0.0010914802551269531 32 11 1 0.13631224632263184 1 0.13631224632263184
dataset/stn/0227 1 0.001325368881225586 48 11 1 0.15224289894104004 1 0.15224289894104004
dataset/stn/0228 1 0.00128173828125 48 11 1 0.14388251304626465 1 0.14388251304626465
dataset/stn/0229 1 0.0012576580047607422 40 11 1 0.14062857627868652 1 0.14062857627868652
dataset/stn/0230 1 0.0011303424835205078 32 11 1 0.14042329788208008 1 0.14042329788208008
dataset/stn/0231 1 0.0013036727905273438 48 11 1 0.14127564430236816 1 0.14127564430236816
dataset/stn/0232 1 0.0012753009796142578 48 11 1 0.1576378345489502 1 0.1576378345489502
dataset/stn/0233 1 0.001982450485229492 32 11 1 0.1435244083404541 1 0.1435244083404541
dataset/stn/0234 1 0.0009968280792236328 24 11 1 0.14490675926208496 1 0.14490675926208496
dataset/stn/0235 1 0.0012199878692626953 40 11 1 0.14301133155822754 1 0.14301133155822754
dataset/stn/0236 1 0.0011987686157226562 40 11 1 0.13971519470214844 1 0.13971519470214844
dataset/stn/0237 1 0.0010056495666503906 24 11 1 0.14301228523254395 1 0.14301228523254395
dataset/stn/0238 1 0.0009644031524658203 24 9 1 0.1420760154724121 1 0.1420760154724121
dataset/stn/0239 1 0.0011684894561767578 24 11 1 0.15644097328186035 1 0.15644097328186035
dataset/stn/0240 1 0.001293182373046875 48 11 1 0.14176034927368164 1 0.14176034927368164
dataset/stn/0241 1 0.0013642311096191406 48 11 1 0.15033698081970215 1 0.15033698081970215
dataset/stn/0242 1 0.0011358261108398438 40 9 1 0.14102911949157715 1 0.14102911949157715
dataset/stn/0243 1 0.0011928081512451172 40 11 1 0.14464139938354492 1 0.14464139938354492
dataset/stn/0244 1 0.0013060569763183594 48 11 1 0.14207911491394043 1 0.14207911491394043
dataset/stn/0245 1 0.001192331314086914 40 11 1 0.14256644248962402 1 0.14256644248962402
dataset/stn/0246 1 0.0012943744659423828 48 11 1 0.14476227760314941 1 0.14476227760314941
dataset/stn/0247 1 0.001291513442993164 48 11 1 0.14315438270568848 1 0.14315438270568848
dataset/stn/0248 1 0.0012555122375488281 40 11 1 0.14441180229187012 1 0.14441180229187012
dataset/stn/0249 1 0.002123594284057617 40 11 1 0.1418013572692871 1 0.1418013572692871
dataset/stn/0250 1 0.0010154247283935547 24 11 1 0.14424729347229004 1 0.14424729347229004
dataset/stn/0251 1 0.0012104511260986328 40 11 1 0.14037561416625977 1 0.14037561416625977
dataset/stn/0252 1 0.0012965202331542969 48 11 1 0.14829397201538086 1 0.14829397201538086
dataset/stn/0253 1 0.0013120174407958984 48 11 1 0.1485137939453125 1 0.1485137939453125
dataset/stn/0254 1 0.0011124610900878906 32 11 1 0.14845848083496094 1 0.14845848083496094
dataset/stn/0255 1 0.00119781494140625 40 11 1 0.1477794647216797 1 0.1477794647216797
dataset/stn/0256 1 0.0011997222900390625 40 11 1 0.14432454109191895 1 0.14432454109191895
dataset/stn/0257 1 0.001737356185913086 24 11 1 0.14241790771484375 1 0.14241790771484375
dataset/stn/0258 1 0.0012085437774658203 40 11 1 0.14355230331420898 1 0.14355230331420898
dataset/stn/0259 1 0.0011882781982421875 40 11 1 0.14985013008117676 1 0.14985013008117676
dataset/stn/0260 1 0.0011844635009765625 32 11 1 0.13711237907409668 1 0.13711237907409668
dataset/stn/0261 1 0.0011239051818847656 32 11 1 0.14317584037780762 1 0.14317584037780762
dataset/stn/0262 1 0.0011816024780273438 40 11 1 0.14096760749816895 1 0.14096760749816895
dataset/stn/0263 1 0.0012149810791015625 40 11 1 0.14196491241455078 1 0.14196491241455078
dataset/stn/0264 1 0.0010213851928710938 24 11 1 0.14688444137573242 1 0.14688444137573242
dataset/stn/0265 1 0.00202178955078125 32 11 1 0.14529156684875488 1 0.14529156684875488
dataset/stn/0266 1 0.0011403560638427734 32 11 1 0.1400456428527832 1 0.1400456428527832
dataset/stn/0267 1 0.001184225082397461 40 11 1 0.14441800117492676 1 0.14441800117492676
dataset/stn/0268 1 0.0014004707336425781 48 11 1 0.14544963836669922 1 0.14544963836669922
dataset/stn/0269 1 0.0013434886932373047 48 11 1 0.1425034999847412 1 0.1425034999847412
dataset/stn/0270 1 0.0012900829315185547 48 11 1 0.14875411987304688 1 0.14875411987304688
dataset/stn/0271 1 0.001226186752319336 40 11 1 0.14155125617980957 1 0.14155125617980957
dataset/stn/0272 1 0.0011086463928222656 32 11 1 0.145582914352417 1 0.145582914352417
dataset/stn/0273 1 0.0017592906951904297 24 9 1 0.14109253883361816 1 0.14109253883361816
dataset/stn/0274 1 0.001325845718383789 40 11 1 0.14430594444274902 1 0.14430594444274902
dataset/stn/0275 1 0.001299142837524414 48 11 1 0.14232873916625977 1 0.14232873916625977
dataset/stn/0276 1 0.0010919570922851562 32 11 1 0.14279890060424805 1 0.14279890060424805
dataset/stn/0277 1 0.0012805461883544922 40 11 1 0.1396784782409668 1 0.1396784782409668
dataset/stn/0278 1 0.0012850761413574219 48 9 1 0.14076709747314453 1 0.14076709747314453
dataset/stn/0279 1 0.0013403892517089844 48 11 1 0.14278173446655273 1 0.14278173446655273
dataset/stn/0280 1 0.0010154247283935547 24 11 1 0.14176273345947266 1 0.14176273345947266
dataset/stn/0281 1 0.0018939971923828125 24 9 1 0.14540314674377441 1 0.14540314674377441
dataset/stn/0282 1 0.0013568401336669922 48 11 1 0.1457805633544922 1 0.1457805633544922
dataset/stn/0283 1 0.0009720325469970703 24 9 1 0.13799262046813965 1 0.13799262046813965
dataset/stn/0284 1 0.0013988018035888672 48 11 1 0.14306426048278809 1 0.14306426048278809
dataset/stn/0285 1 0.0013117790222167969 48 11 1 0.14610767364501953 1 0.14610767364501953
dataset/stn/0286 1 0.0011970996856689453 40 11 1 0.14481496810913086 1 0.14481496810913086
dataset/stn/0287 1 0.001283884048461914 48 11 1 0.1403038501739502 1 0.1403038501739502
dataset/stn/0288 1 0.0013813972473144531 48 11 1 0.1387639045715332 1 0.1387639045715332
dataset/stn/0289 1 0.0020322799682617188 48 11 1 0.14304065704345703 1 0.14304065704345703
dataset/stn/0290 1 0.0013294219970703125 48 11 1 0.1441490650177002 1 0.1441490650177002
dataset/stn/0291 1 0.0012950897216796875 48 11 1 0.14019298553466797 1 0.14019298553466797
dataset/stn/0292 1 0.0012881755828857422 48 11 1 0.13313627243041992 1 0.13313627243041992
dataset/stn/0293 1 0.0012805461883544922 48 11 1 0.14101910591125488 1 0.14101910591125488
dataset/stn/0294 1 0.0012888908386230469 40 11 1 0.14234614372253418 1 0.14234614372253418
dataset/stn/0295 1 0.0010347366333007812 24 11 1 0.14181256294250488 1 0.14181256294250488
dataset/stn/0296 1 0.00096893310546875 24 9 1 0.14123034477233887 1 0.14123034477233887
dataset/stn/0297 1 0.002252817153930664 32 11 1 0.14161968231201172 1 0.14161968231201172
dataset/stn/0298 1 0.0012347698211669922 40 11 1 0.14328503608703613 1 0.14328503608703613
dataset/stn/0299 1 0.0009887218475341797 24 9 1 0.1422419548034668 1 0.1422419548034668
dataset/stn/0300 1 0.0010251998901367188 24 11 1 0.1472640037536621 1 0.1472640037536621
dataset/stn/0301 1 0.0010235309600830078 24 11 1 0.14716005325317383 1 0.14716005325317383
dataset/stn/0302 1 0.0011196136474609375 32 11 1 0.14453887939453125 1 0.14453887939453125
dataset/stn/0303 1 0.0012981891632080078 48 11 1 0.15094661712646484 1 0.15094661712646484
dataset/stn/0304 1 0.001314401626586914 48 11 1 0.14280247688293457 1 0.14280247688293457
dataset/stn/0305 1 0.0022280216217041016 32 11 1 0.13558578491210938 1 0.13558578491210938
dataset/stn/0306 1 0.0010502338409423828 32 9 1 0.14122676849365234 1 0.14122676849365234
dataset/stn/0307 1 0.0009677410125732422 24 9 1 0.14040780067443848 1 0.14040780067443848
dataset/stn/0308 1 0.001199960708618164 40 11 1 0.14324593544006348 1 0.14324593544006348
dataset/stn/0309 1 0.0012514591217041016 40 11 1 0.1445930004119873 1 0.1445930004119873
dataset/stn/0310 1 0.000989675521850586 24 9 1 0.143388032913208 1 0.143388032913208
dataset/stn/0311 1 0.0012676715850830078 48 11 1 0.14489531517028809 1 0.14489531517028809
dataset/stn/0312 1 0.0012240409851074219 40 11 1 0.1401815414428711 1 0.1401815414428711
dataset/stn/0313 1 0.002279043197631836 48 11 1 0.14123868942260742 1 0.14123868942260742
dataset/stn/0314 1 0.0010020732879638672 24 11 1 0.14182448387145996 1 0.14182448387145996
dataset/stn/0315 1 0.0010128021240234375 24 11 1 0.1379072666168213 1 0.1379072666168213
dataset/stn/0316 1 0.0011029243469238281 32 11 1 0.13704395294189453 1 0.13704395294189453
dataset/stn/0317 1 0.0010535717010498047 24 11 1 0.1504373550415039 1 0.1504373550415039
dataset/stn/0318 1 0.001195669174194336 32 11 1 0.15465950965881348 1 0.15465950965881348
dataset/stn/0319 1 0.0012793540954589844 32 11 1 0.14369940757751465 1 0.14369940757751465
dataset/stn/0320 1 0.001291513442993164 48 11 1 0.15103363990783691 1 0.15103363990783691
dataset/stn/0321 1 0.002017498016357422 48 11 1 0.13991022109985352 1 0.13991022109985352
dataset/stn/0322 1 0.001318216323852539 48 11 1 0.14464688301086426 1 0.14464688301086426
dataset/stn/0323 1 0.0010445117950439453 32 9 1 0.14226245880126953 1 0.14226245880126953
dataset/stn/0324 1 0.0011553764343261719 32 11 1 0.1413586139678955 1 0.1413586139678955
dataset/stn/0325 1 0.0013012886047363281 48 11 1 0.14432072639465332 1 0.14432072639465332
dataset/stn/0326 1 0.0013172626495361328 48 11 1 0.14010238647460938 1 0.14010238647460938
dataset/stn/0327 1 0.0009584426879882812 24 9 1 0.1403493881225586 1 0.1403493881225586
dataset/stn/0328 1 0.001104593276977539 32 11 1 0.14026689529418945 1 0.14026689529418945
dataset/stn/0329 1 0.0018901824951171875 32 11 1 0.14316725730895996 1 0.14316725730895996
dataset/stn/0330 1 0.001041412353515625 24 11 1 0.14074444770812988 1 0.14074444770812988
dataset/stn/0331 1 0.0012216567993164062 40 11 1 0.145491361618042 1 0.145491361618042
dataset/stn/0332 1 0.0011076927185058594 32 11 1 0.1417090892791748 1 0.1417090892791748
dataset/stn/0333 1 0.0010678768157958984 32 9 1 0.15936660766601562 1 0.15936660766601562
dataset/stn/0334 1 0.0012226104736328125 40 11 1 0.13834261894226074 1 0.13834261894226074
dataset/stn/0335 1 0.0010862350463867188 24 11 1 0.1451554298400879 1 0.1451554298400879
dataset/stn/0336 1 0.0009658336639404297 24 9 1 0.14731669425964355 1 0.14731669425964355
dataset/stn/0337 1 0.002180337905883789 48 11 1 0.13922500610351562 1 0.13922500610351562
dataset/stn/0338 1 0.0013020038604736328 48 11 1 0.1569197177886963 1 0.1569197177886963
dataset/stn/0339 1 0.001089334487915039 24 11 1 0.1469740867614746 1 0.1469740867614746
dataset/stn/0340 1 0.001332998275756836 48 11 1 0.14158368110656738 1 0.14158368110656738
dataset/stn/0341 1 0.0013117790222167969 48 11 1 0.14050626754760742 1 0.14050626754760742
dataset/stn/0342 1 0.0013740062713623047 48 11 1 0.1422431468963623 1 0.1422431468963623
dataset/stn/0343 1 0.0009593963623046875 24 9 1 0.14319705963134766 1 0.14319705963134766
dataset/stn/0344 1 0.0010874271392822266 32 11 1 0.13265728950500488 1 0.13265728950500488
dataset/stn/0345 1 0.0020532608032226562 32 11 1 0.14487361907958984 1 0.14487361907958984
dataset/stn/0346 1 0.0010085105895996094 24 11 1 0.14526867866516113 1 0.14526867866516113
dataset/stn/0347 1 0.0010409355163574219 24 11 1 0.1431593894958496 1 0.1431593894958496
dataset/stn/0348 1 0.0012710094451904297 48 11 1 0.14304232597351074 1 0.14304232597351074
dataset/stn/0349 1 0.0013034343719482422 48 11 1 0.14535164833068848 1 0.14535164833068848
dataset/stn/0350 1 0.0011208057403564453 32 11 1 0.13424134254455566 1 0.13424134254455566
dataset/stn/0351 1 0.0010831356048583984 32 11 1 0.14372873306274414 1 0.14372873306274414
dataset/stn/0352 1 0.0012667179107666016 40 11 1 0.14142751693725586 1 0.14142751693725586
dataset/stn/0353 1 0.002135753631591797 48 11 1 0.14456844329833984 1 0.14456844329833984
dataset/stn/0354 1 0.001314401626586914 48 11 1 0.1403789520263672 1 0.1403789520263672
dataset/stn/0355 1 0.001127004623413086 32 9 1 0.1453540325164795 1 0.1453540325164795
dataset/stn/0356 1 0.001047372817993164 24 11 1 0.14455461502075195 1 0.14455461502075195
dataset/stn/0357 1 0.0010981559753417969 32 11 1 0.14348840713500977 1 0.14348840713500977
dataset/stn/0358 1 0.0010077953338623047 24 9 1 0.14073562622070312 1 0.14073562622070312
dataset/stn/0359 1 0.0011005401611328125 32 11 1 0.140211820602417 1 0.140211820602417
dataset/stn/0360 1 0.0011324882507324219 32 11 1 0.1420609951019287 1 0.1420609951019287
dataset/stn/0361 1 0.0017955303192138672 24 9 1 0.15010523796081543 1 0.15010523796081543
dataset/stn/0362 1 0.0009593963623046875 24 9 1 0.15114998817443848 1 0.15114998817443848
dataset/stn/0363 1 0.001245260238647461 40 11 1 0.14319539070129395 1 0.14319539070129395
dataset/stn/0364 1 0.0011074542999267578 32 11 1 0.144317626953125 1 0.144317626953125
dataset/stn/0365 1 0.0010445117950439453 24 11 1 0.1410517692565918 1 0.1410517692565918
dataset/stn/0366 1 0.0011110305786132812 32 11 1 0.14176177978515625 1 0.14176177978515625
dataset/stn/0367 1 0.0012104511260986328 40 11 1 0.13859248161315918 1 0.13859248161315918
dataset/stn/0368 1 0.0011212825775146484 32 11 1 0.14338111877441406 1 0.14338111877441406
dataset/stn/0369 1 0.0018551349639892578 24 11 1 0.14321494102478027 1 0.14321494102478027
dataset/stn/0370 1 0.001237630844116211 40 11 1 0.14759302139282227 1 0.14759302139282227
dataset/stn/0371 1 0.0013089179992675781 48 11 1 0.1403672695159912 1 0.1403672695159912
dataset/stn/0372 1 0.0010919570922851562 32 9 1 0.13464689254760742 1 0.13464689254760742
dataset/stn/0373 1 0.001428842544555664 48 11 1 0.14391064643859863 1 0.14391064643859863
dataset/stn/0374 1 0.0010478496551513672 24 11 1 0.13420605659484863 1 0.13420605659484863
dataset/stn/0375 1 0.0011897087097167969 40 11 1 0.1405472755432129 1 0.1405472755432129
dataset/stn/0376 1 0.0010356903076171875 24 11 1 0.14343547821044922 1 0.14343547821044922
dataset/stn/0377 1 0.0012428760528564453 40 11 1 0.14519786834716797 1 0.14519786834716797
dataset/stn/0378 1 0.0010905265808105469 32 11 1 0.1482226848602295 1 0.1482226848602295
dataset/stn/0379 1 0.0011055469512939453 32 11 1 0.14410924911499023 1 0.14410924911499023
dataset/stn/0380 1 0.0010221004486083984 24 11 1 0.1419386863708496 1 0.1419386863708496
dataset/stn/0381 1 0.0012912750244140625 48 11 1 0.14416027069091797 1 0.14416027069091797
dataset/stn/0382 1 0.0011889934539794922 40 11 1 0.14287829399108887 1 0.14287829399108887
dataset/stn/0383 1 0.0012691020965576172 32 11 1 0.14447426795959473 1 0.14447426795959473
dataset/stn/0384 1 0.0009520053863525391 24 9 1 0.1469104290008545 1 0.1469104290008545
dataset/stn/0385 1 0.0011000633239746094 32 11 1 0.13760113716125488 1 0.13760113716125488
dataset/stn/0386 1 0.0010182857513427734 24 11 1 0.1407015323638916 1 0.1407015323638916
dataset/stn/0387 1 0.001283884048461914 48 11 1 0.14365267753601074 1 0.14365267753601074
dataset/stn/0388 1 0.0012645721435546875 32 11 1 0.14226579666137695 1 0.14226579666137695
dataset/stn/0389 1 0.0012226104736328125 40 11 1 0.14342999458312988 1 0.14342999458312988
dataset/stn/0390 1 0.0012159347534179688 40 11 1 0.13978123664855957 1 0.13978123664855957
dataset/stn/0391 1 0.001295328140258789 48 11 1 0.14189553260803223 1 0.14189553260803223
dataset/stn/0392 1 0.001142263412475586 32 11 1 0.14316630363464355 1 0.14316630363464355
dataset/stn/0393 1 0.0019507408142089844 24 9 1 0.14583039283752441 1 0.14583039283752441
dataset/stn/0394 1 0.0010788440704345703 24 11 1 0.14732956886291504 1 0.14732956886291504
dataset/stn/0395 1 0.001100301742553711 32 11 1 0.1402742862701416 1 0.1402742862701416
dataset/stn/0396 1 0.0010492801666259766 32 9 1 0.14302325248718262 1 0.14302325248718262
dataset/stn/0397 1 0.0013446807861328125 48 11 1 0.1398015022277832 1 0.1398015022277832
dataset/stn/0398 1 0.0012345314025878906 32 11 1 0.1405787467956543 1 0.1405787467956543
dataset/stn/0399 1 0.0012912750244140625 48 11 1 0.14175772666931152 1 0.14175772666931152
dataset/stn/0400 1 0.0009999275207519531 24 11 1 0.14832353591918945 1 0.14832353591918945
dataset/stn/0401 1 0.001984834671020508 32 11 1 0.14728307723999023 1 0.14728307723999023
dataset/stn/0402 1 0.0011913776397705078 40 11 1 0.14407658576965332 1 0.14407658576965332
dataset/stn/0403 1 0.0013346672058105469 48 11 1 0.14546966552734375 1 0.14546966552734375
dataset/stn/0404 1 0.0009641647338867188 24 9 1 0.14670538902282715 1 0.14670538902282715
dataset/stn/0405 1 0.0010712146759033203 24 11 1 0.14791178703308105 1 0.14791178703308105
dataset/stn/0406 1 0.0012860298156738281 48 11 1 0.1431725025177002 1 0.1431725025177002
dataset/stn/0407 1 0.0010333061218261719 24 11 1 0.1408846378326416 1 0.1408846378326416
dataset/stn/0408 1 0.0010178089141845703 24 11 1 0.14467763900756836 1 0.14467763900756836
dataset/stn/0409 1 0.0020210742950439453 32 11 1 0.14381837844848633 1 0.14381837844848633
dataset/stn/0410 1 0.0010194778442382812 24 11 1 0.1409916877746582 1 0.1409916877746582
dataset/stn/0411 1 0.0011386871337890625 32 11 1 0.14232254028320312 1 0.14232254028320312
dataset/stn/0412 1 0.0010418891906738281 32 9 1 0.13380885124206543 1 0.13380885124206543
dataset/stn/0413 1 0.001237630844116211 32 11 1 0.15314316749572754 1 0.15314316749572754
dataset/stn/0414 1 0.0012812614440917969 48 11 1 0.14658045768737793 1 0.14658045768737793
dataset/stn/0415 1 0.0012331008911132812 40 11 1 0.15732550621032715 1 0.15732550621032715
dataset/stn/0416 1 0.0012898445129394531 48 11 1 0.14585423469543457 1 0.14585423469543457
dataset/stn/0417 1 0.0009944438934326172 24 9 1 0.14551067352294922 1 0.14551067352294922
dataset/stn/0418 1 0.0010836124420166016 32 9 1 0.1422710418701172 1 0.1422710418701172
dataset/stn/0419 1 0.001325845718383789 48 11 1 0.1463785171508789 1 0.1463785171508789
dataset/stn/0420 1 0.001214742660522461 40 11 1 0.1478407382965088 1 0.1478407382965088
dataset/stn/0421 1 0.0010023117065429688 24 11 1 0.14270925521850586 1 0.14270925521850586
dataset/stn/0422 1 0.0010192394256591797 24 11 1 0.14411091804504395 1 0.14411091804504395
dataset/stn/0423 1 0.0010025501251220703 24 11 1 0.13555240631103516 1 0.13555240631103516
dataset/stn/0424 1 0.0010251998901367188 24 11 1 0.13705778121948242 1 0.13705778121948242
dataset/stn/0425 1 0.0020699501037597656 32 11 1 0.13949894905090332 1 0.13949894905090332
dataset/stn/0426 1 0.0011110305786132812 32 9 1 0.14103937149047852 1 0.14103937149047852
dataset/stn/0427 1 0.0012049674987792969 40 11 1 0.14362430572509766 1 0.14362430572509766
dataset/stn/0428 1 0.0013813972473144531 48 11 1 0.14185595512390137 1 0.14185595512390137
dataset/stn/0429 1 0.0012023448944091797 32 11 1 0.14109587669372559 1 0.14109587669372559
dataset/stn/0430 1 0.001371145248413086 48 11 1 0.14032769203186035 1 0.14032769203186035
dataset/stn/0431 1 0.0012326240539550781 40 11 1 0.14092564582824707 1 0.14092564582824707
dataset/stn/0432 1 0.0010514259338378906 32 9 1 0.14204001426696777 1 0.14204001426696777
dataset/stn/0433 1 0.0018591880798339844 24 11 1 0.13802075386047363 1 0.13802075386047363
dataset/stn/0434 1 0.0011413097381591797 40 9 1 0.14156436920166016 1 0.14156436920166016
dataset/stn/0435 1 0.0012254714965820312 40 11 1 0.14080190658569336 1 0.14080190658569336
dataset/stn/0436 1 0.0010361671447753906 24 11 1 0.14763092994689941 1 0.14763092994689941
dataset/stn/0437 1 0.0011889934539794922 40 11 1 0.14170289039611816 1 0.14170289039611816
dataset/stn/0438 1 0.0009613037109375 24 9 1 0.146653413772583 1 0.146653413772583
dataset/stn/0439 1 0.0013089179992675781 48 11 1 0.14451384544372559 1 0.14451384544372559
dataset/stn/0440 1 0.0013158321380615234 48 11 1 0.14694881439208984 1 0.14694881439208984
dataset/stn/0441 1 0.0012559890747070312 40 11 1 0.15070295333862305 1 0.15070295333862305
dataset/stn/0442 1 0.0013039112091064453 48 11 1 0.14396333694458008 1 0.14396333694458008
dataset/stn/0443 1 0.0012040138244628906 32 11 1 0.14735937118530273 1 0.14735937118530273
dataset/stn/0444 1 0.0013315677642822266 48 11 1 0.15000367164611816 1 0.15000367164611816
dataset/stn/0445 1 0.0012941360473632812 48 11 1 0.14536499977111816 1 0.14536499977111816
dataset/stn/0446 1 0.0011696815490722656 32 11 1 0.15193891525268555 1 0.15193891525268555
dataset/stn/0447 1 0.0010647773742675781 32 9 1 0.14659428596496582 1 0.14659428596496582
dataset/stn/0448 1 0.0011639595031738281 32 11 1 0.14570355415344238 1 0.14570355415344238
dataset/stn/0449 1 0.0018801689147949219 24 9 1 0.14501047134399414 1 0.14501047134399414
dataset/stn/0450 1 0.0012180805206298828 40 11 1 0.1424999237060547 1 0.1424999237060547
dataset/stn/0451 1 0.001081228256225586 24 11 1 0.14388012886047363 1 0.14388012886047363
dataset/stn/0452 1 0.0012984275817871094 48 11 1 0.14376211166381836 1 0.14376211166381836
dataset/stn/0453 1 0.001092672348022461 32 11 1 0.14202499389648438 1 0.14202499389648438
dataset/stn/0454 1 0.0012919902801513672 48 11 1 0.14588642120361328 1 0.14588642120361328
dataset/stn/0455 1 0.0012052059173583984 40 11 1 0.14403796195983887 1 0.14403796195983887
dataset/stn/0456 1 0.001322031021118164 48 11 1 0.13969969749450684 1 0.13969969749450684
dataset/stn/0457 1 0.001210927963256836 40 11 1 0.1451551914215088 1 0.1451551914215088
dataset/stn/0458 1 0.0011043548583984375 32 11 1 0.14642047882080078 1 0.14642047882080078
dataset/stn/0459 1 0.0013148784637451172 48 11 1 0.13817477226257324 1 0.13817477226257324
dataset/stn/0460 1 0.0012104511260986328 40 11 1 0.13706469535827637 1 0.13706469535827637
dataset/stn/0461 1 0.0012922286987304688 48 11 1 0.14127111434936523 1 0.14127111434936523
dataset/stn/0462 1 0.0011017322540283203 32 11 1 0.1480414867401123 1 0.1480414867401123
dataset/stn/0463 1 0.0011260509490966797 40 9 1 0.14364838600158691 1 0.14364838600158691
dataset/stn/0464 1 0.0011823177337646484 40 11 1 0.14546942710876465 1 0.14546942710876465
dataset/stn/0465 1 0.0010528564453125 24 11 1 0.1469268798828125 1 0.1469268798828125
dataset/stn/0466 1 0.0011560916900634766 24 11 1 0.14779210090637207 1 0.14779210090637207
dataset/stn/0467 1 0.0011777877807617188 40 11 1 0.15044832229614258 1 0.15044832229614258
dataset/stn/0468 1 0.0013010501861572266 48 9 1 0.1417238712310791 1 0.1417238712310791
dataset/stn/0469 1 0.0012061595916748047 40 11 1 0.14230608940124512 1 0.14230608940124512
dataset/stn/0470 1 0.0012547969818115234 40 11 1 0.14356017112731934 1 0.14356017112731934
dataset/stn/0471 1 0.0012857913970947266 32 11 1 0.14338088035583496 1 0.14338088035583496
dataset/stn/0472 1 0.001291513442993164 40 11 1 0.14617276191711426 1 0.14617276191711426
dataset/stn/0473 1 0.0011036396026611328 32 11 1 0.145430326461792 1 0.145430326461792
dataset/stn/0474 1 0.0012743473052978516 48 11 1 0.14481663703918457 1 0.14481663703918457
dataset/stn/0475 1 0.0013170242309570312 48 11 1 0.148756742477417 1 0.148756742477417
dataset/stn/0476 1 0.0011928081512451172 40 9 1 0.14294934272766113 1 0.14294934272766113
dataset/stn/0477 1 0.0012290477752685547 40 11 1 0.15633511543273926 1 0.15633511543273926
dataset/stn/0478 1 0.0012252330780029297 40 11 1 0.1438136100769043 1 0.1438136100769043
dataset/stn/0479 1 0.001316070556640625 40 11 1 0.14140081405639648 1 0.14140081405639648
dataset/stn/0480 1 0.001096487045288086 32 11 1 0.14292383193969727 1 0.14292383193969727
dataset/stn/0481 1 0.0012054443359375 40 11 1 0.13988900184631348 1 0.13988900184631348
dataset/stn/0482 1 0.0012023448944091797 40 11 1 0.1439957618713379 1 0.1439957618713379
dataset/stn/0483 1 0.0011799335479736328 32 9 1 0.1497788429260254 1 0.1497788429260254
dataset/stn/0484 1 0.0012955665588378906 48 11 1 0.14129233360290527 1 0.14129233360290527
dataset/stn/0485 1 0.0011494159698486328 32 11 1 0.14275288581848145 1 0.14275288581848145
dataset/stn/0486 1 0.0012009143829345703 40 11 1 0.14249444007873535 1 0.14249444007873535
dataset/stn/0487 1 0.0021545886993408203 32 11 1 0.1495060920715332 1 0.1495060920715332
dataset/stn/0488 1 0.0012967586517333984 48 11 1 0.1464841365814209 1 0.1464841365814209
dataset/stn/0489 1 0.0012407302856445312 40 11 1 0.14189767837524414 1 0.14189767837524414
dataset/stn/0490 1 0.0011827945709228516 40 11 1 0.14129257202148438 1 0.14129257202148438
dataset/stn/0491 1 0.0012586116790771484 40 11 1 0.1410219669342041 1 0.1410219669342041
dataset/stn/0492 1 0.0011830329895019531 40 11 1 0.13999509811401367 1 0.13999509811401367
dataset/stn/0493 1 0.0012738704681396484 48 11 1 0.15551090240478516 1 0.15551090240478516
dataset/stn/0494 1 0.0014104843139648438 48 11 1 0.14153122901916504 1 0.14153122901916504
dataset/stn/0495 1 0.001219034194946289 40 11 1 0.14654064178466797 1 0.14654064178466797
dataset/stn/0496 1 0.0013096332550048828 40 11 1 0.14255547523498535 1 0.14255547523498535
dataset/stn/0497 1 0.0012843608856201172 48 11 1 0.14117074012756348 1 0.14117074012756348
dataset/stn/0498 1 0.0013298988342285156 48 11 1 0.14888525009155273 1 0.14888525009155273
dataset/stn/0499 1 0.001298666000366211 48 11 1 0.14828038215637207 1 0.14828038215637207
dataset/stn/0500 1 0.0012233257293701172 48 9 1 0.15433883666992188 1 0.15433883666992188
dataset/stn/0501 1 0.0011272430419921875 32 11 1 0.15448212623596191 1 0.15448212623596191
dataset/stn/0502 1 0.0010657310485839844 24 11 1 0.14197731018066406 1 0.14197731018066406
dataset/stn/0503 1 0.002195119857788086 40 11 1 0.14083266258239746 1 0.14083266258239746
dataset/stn/0504 1 0.0009968280792236328 24 11 1 0.14694905281066895 1 0.14694905281066895
dataset/stn/0505 1 0.0011870861053466797 40 11 1 0.14128565788269043 1 0.14128565788269043
dataset/stn/0506 1 0.0011072158813476562 24 9 1 0.14533352851867676 1 0.14533352851867676
dataset/stn/0507 1 0.001333475112915039 48 11 1 0.14307618141174316 1 0.14307618141174316
dataset/stn/0508 1 0.0010211467742919922 24 9 1 0.1438143253326416 1 0.1438143253326416
dataset/stn/0509 1 0.0012176036834716797 40 11 1 0.14537668228149414 1 0.14537668228149414
dataset/stn/0510 1 0.0011010169982910156 32 11 1 0.14798712730407715 1 0.14798712730407715
dataset/stn/0511 1 0.0018987655639648438 24 11 1 0.1463155746459961 1 0.1463155746459961
dataset/stn/0512 1 0.0011205673217773438 32 11 1 0.14323878288269043 1 0.14323878288269043
dataset/stn/0513 1 0.0012099742889404297 32 11 1 0.14268064498901367 1 0.14268064498901367
dataset/stn/0514 1 0.001295328140258789 48 11 1 0.1437087059020996 1 0.1437087059020996
dataset/stn/0515 1 0.001306772232055664 48 11 1 0.1368393898010254 1 0.1368393898010254
dataset/stn/0516 1 0.0010106563568115234 24 11 1 0.14235734939575195 1 0.14235734939575195
dataset/stn/0517 1 0.0010094642639160156 24 11 1 0.13953042030334473 1 0.13953042030334473
dataset/stn/0518 1 0.001214742660522461 40 11 1 0.14193367958068848 1 0.14193367958068848
dataset/stn/0519 1 0.0015110969543457031 40 11 1 0.1530623435974121 1 0.1530623435974121
dataset/stn/0520 1 0.00102996826171875 24 11 1 0.1414351463317871 1 0.1414351463317871
dataset/stn/0521 1 0.0012660026550292969 40 11 1 0.14030218124389648 1 0.14030218124389648
dataset/stn/0522 1 0.0010004043579101562 24 11 1 0.1402750015258789 1 0.1402750015258789
dataset/stn/0523 1 0.0010089874267578125 24 9 1 0.14238452911376953 1 0.14238452911376953
dataset/stn/0524 1 0.001024007797241211 24 11 1 0.1407008171081543 1 0.1407008171081543
dataset/stn/0525 1 0.001125335693359375 32 11 1 0.1458418369293213 1 0.1458418369293213
dataset/stn/0526 1 0.0009913444519042969 24 9 1 0.14110493659973145 1 0.14110493659973145
dataset/stn/0527 1 0.0021283626556396484 48 11 1 0.1423661708831787 1 0.1423661708831787
dataset/stn/0528 1 0.0013034343719482422 48 11 1 0.14663457870483398 1 0.14663457870483398
dataset/stn/0529 1 0.0013165473937988281 48 11 1 0.14198899269104004 1 0.14198899269104004
dataset/stn/0530 1 0.0010137557983398438 24 11 1 0.14557623863220215 1 0.14557623863220215
dataset/stn/0531 1 0.0009987354278564453 24 11 1 0.1466684341430664 1 0.1466684341430664
dataset/stn/0532 1 0.0013380050659179688 48 11 1 0.13928771018981934 1 0.13928771018981934
dataset/stn/0533 1 0.0011928081512451172 40 11 1 0.14321160316467285 1 0.14321160316467285
dataset/stn/0534 1 0.0010542869567871094 24 11 1 0.14579415321350098 1 0.14579415321350098
dataset/stn/0535 1 0.0023059844970703125 48 11 1 0.14414691925048828 1 0.14414691925048828
dataset/stn/0536 1 0.0012962818145751953 48 11 1 0.16289162635803223 1 0.16289162635803223
dataset/stn/0537 1 0.0010955333709716797 32 11 1 0.14113330841064453 1 0.14113330841064453
dataset/stn/0538 1 0.0012040138244628906 40 11 1 0.1392991542816162 1 0.1392991542816162
dataset/stn/0539 1 0.0009849071502685547 24 11 1 0.14177727699279785 1 0.14177727699279785
dataset/stn/0540 1 0.001024484634399414 24 11 1 0.14203095436096191 1 0.14203095436096191
dataset/stn/0541 1 0.001150369644165039 32 11 1 0.1454911231994629 1 0.1454911231994629
dataset/stn/0542 1 0.0010008811950683594 24 11 1 0.1417994499206543 1 0.1417994499206543
dataset/stn/0543 1 0.002010345458984375 24 11 1 0.1421966552734375 1 0.1421966552734375
dataset/stn/0544 1 0.0011026859283447266 32 11 1 0.14761805534362793 1 0.14761805534362793
dataset/stn/0545 1 0.0010750293731689453 32 9 1 0.14968633651733398 1 0.14968633651733398
dataset/stn/0546 1 0.0012443065643310547 40 11 1 0.1421360969543457 1 0.1421360969543457
dataset/stn/0547 1 0.0012814998626708984 48 11 1 0.14127612113952637 1 0.14127612113952637
dataset/stn/0548 1 0.0010197162628173828 24 11 1 0.14302825927734375 1 0.14302825927734375
dataset/stn/0549 1 0.0010907649993896484 32 11 1 0.14030933380126953 1 0.14030933380126953
dataset/stn/0550 1 0.0011081695556640625 32 11 1 0.14160752296447754 1 0.14160752296447754
dataset/stn/0551 1 0.0023856163024902344 32 11 1 0.1482255458831787 1 0.1482255458831787
dataset/stn/0552 1 0.0013282299041748047 48 11 1 0.14481329917907715 1 0.14481329917907715
dataset/stn/0553 1 0.0011868476867675781 40 11 1 0.1418595314025879 1 0.1418595314025879
dataset/stn/0554 1 0.0010466575622558594 24 11 1 0.1428687572479248 1 0.1428687572479248
dataset/stn/0555 1 0.0011949539184570312 40 11 1 0.14069557189941406 1 0.14069557189941406
dataset/stn/0556 1 0.0012972354888916016 48 11 1 0.14385104179382324 1 0.14385104179382324
dataset/stn/0557 1 0.0010280609130859375 24 11 1 0.1415245532989502 1 0.1415245532989502
dataset/stn/0558 1 0.0013096332550048828 48 11 1 0.15325021743774414 1 0.15325021743774414
dataset/stn/0559 1 0.0020668506622314453 48 11 1 0.1414928436279297 1 0.1414928436279297
dataset/stn/0560 1 0.0012142658233642578 40 11 1 0.1460883617401123 1 0.1460883617401123
dataset/stn/0561 1 0.0012056827545166016 40 11 1 0.1523730754852295 1 0.1523730754852295
dataset/stn/0562 1 0.0010869503021240234 24 9 1 0.1420283317565918 1 0.1420283317565918
dataset/stn/0563 1 0.0010933876037597656 32 11 1 0.1447310447692871 1 0.1447310447692871
dataset/stn/0564 1 0.001140594482421875 40 9 1 0.1447310447692871 1 0.1447310447692871
dataset/stn/0565 1 0.0012083053588867188 40 11 1 0.1414334774017334 1 0.1414334774017334
dataset/stn/0566 1 0.0013422966003417969 48 11 1 0.14196991920471191 1 0.14196991920471191
dataset/stn/0567 1 0.0023686885833740234 48 11 1 0.14140796661376953 1 0.14140796661376953
dataset/stn/0568 1 0.0011072158813476562 32 11 1 0.14382624626159668 1 0.14382624626159668
dataset/stn/0569 1 0.0010788440704345703 32 11 1 0.1509532928466797 1 0.1509532928466797
dataset/stn/0570 1 0.001264333724975586 40 11 1 0.14446616172790527 1 0.14446616172790527
dataset/stn/0571 1 0.0010945796966552734 32 11 1 0.14269757270812988 1 0.14269757270812988
dataset/stn/0572 1 0.0012364387512207031 40 11 1 0.14384174346923828 1 0.14384174346923828
dataset/stn/0573 1 0.0010859966278076172 32 11 1 0.1501178741455078 1 0.1501178741455078
dataset/stn/0574 1 0.001194000244140625 40 11 1 0.14122343063354492 1 0.14122343063354492
dataset/stn/0575 1 0.0019223690032958984 24 9 1 0.14515018463134766 1 0.14515018463134766
dataset/stn/0576 1 0.0012965202331542969 48 11 1 0.15033459663391113 1 0.15033459663391113
dataset/stn/0577 1 0.0009884834289550781 24 7 1 0.14185690879821777 1 0.14185690879821777
dataset/stn/0578 1 0.0011830329895019531 40 11 1 0.14088964462280273 1 0.14088964462280273
dataset/stn/0579 1 0.0010061264038085938 24 11 1 0.1471419334411621 1 0.1471419334411621
dataset/stn/0580 1 0.0009691715240478516 24 9 1 0.14353084564208984 1 0.14353084564208984
dataset/stn/0581 1 0.001306295394897461 48 11 1 0.14494061470031738 1 0.14494061470031738
dataset/stn/0582 1 0.0012714862823486328 40 11 1 0.13952064514160156 1 0.13952064514160156
dataset/stn/0583 1 0.0009763240814208984 24 9 1 0.14012622833251953 1 0.14012622833251953
dataset/stn/0584 1 0.0010039806365966797 24 11 1 0.14459943771362305 1 0.14459943771362305
dataset/stn/0585 1 0.001207113265991211 40 9 1 0.14071440696716309 1 0.14071440696716309
dataset/stn/0586 1 0.0012042522430419922 40 11 1 0.14095783233642578 1 0.14095783233642578
dataset/stn/0587 1 0.0011181831359863281 32 11 1 0.14108610153198242 1 0.14108610153198242
dataset/stn/0588 1 0.0011146068572998047 32 11 1 0.14545750617980957 1 0.14545750617980957
dataset/stn/0589 1 0.001157999038696289 32 11 1 0.14595723152160645 1 0.14595723152160645
dataset/stn/0590 1 0.0010271072387695312 24 11 1 0.14510798454284668 1 0.14510798454284668
dataset/stn/0591 1 0.001913309097290039 32 11 1 0.1409435272216797 1 0.1409435272216797
dataset/stn/0592 1 0.0009789466857910156 24 9 1 0.14139127731323242 1 0.14139127731323242
dataset/stn/0593 1 0.0013148784637451172 48 11 1 0.14230561256408691 1 0.14230561256408691
dataset/stn/0594 1 0.0012981891632080078 48 11 1 0.14521360397338867 1 0.14521360397338867
dataset/stn/0595 1 0.0012161731719970703 40 11 1 0.14142894744873047 1 0.14142894744873047
dataset/stn/0596 1 0.0013060569763183594 48 11 1 0.14322447776794434 1 0.14322447776794434
dataset/stn/0597 1 0.001308441162109375 48 11 1 0.14803242683410645 1 0.14803242683410645
dataset/stn/0598 1 0.0012030601501464844 40 11 1 0.1440904140472412 1 0.1440904140472412
dataset/stn/0599 1 0.0009982585906982422 24 9 1 0.14186549186706543 1 0.14186549186706543
dataset/stn/0600 1 0.0012962818145751953 48 11 1 0.14072155952453613 1 0.14072155952453613
dataset/stn/0601 1 0.0013082027435302734 48 11 1 0.1401987075805664 1 0.1401987075805664
dataset/stn/0602 1 0.0011076927185058594 32 11 1 0.14619183540344238 1 0.14619183540344238
dataset/stn/0603 1 0.0010340213775634766 24 9 1 0.15205883979797363 1 0.15205883979797363
dataset/stn/0604 1 0.0011169910430908203 32 11 1 0.1414327621459961 1 0.1414327621459961
dataset/stn/0605 1 0.001285552978515625 48 11 1 0.14396381378173828 1 0.14396381378173828
dataset/stn/0606 1 0.0012891292572021484 40 11 1 0.14017653465270996 1 0.14017653465270996
dataset/stn/0607 1 0.001314401626586914 48 11 1 0.14531874656677246 1 0.14531874656677246
dataset/stn/0608 1 0.0012977123260498047 48 11 1 0.14068365097045898 1 0.14068365097045898
dataset/stn/0609 1 0.0011217594146728516 32 11 1 0.1437392234802246 1 0.1437392234802246
dataset/stn/0610 1 0.0012829303741455078 48 11 1 0.14755511283874512 1 0.14755511283874512
dataset/stn/0611 1 0.001954793930053711 24 11 1 0.1518259048461914 1 0.1518259048461914
dataset/stn/0612 1 0.0012595653533935547 32 11 1 0.14107108116149902 1 0.14107108116149902
dataset/stn/0613 1 0.0009589195251464844 24 9 1 0.14207673072814941 1 0.14207673072814941
dataset/stn/0614 1 0.0011076927185058594 32 11 1 0.14358997344970703 1 0.14358997344970703
dataset/stn/0615 1 0.0010738372802734375 24 11 1 0.1431429386138916 1 0.1431429386138916
dataset/stn/0616 1 0.0011222362518310547 32 11 1 0.14486479759216309 1 0.14486479759216309
dataset/stn/0617 1 0.0012829303741455078 48 11 1 0.14252901077270508 1 0.14252901077270508
dataset/stn/0618 1 0.0010488033294677734 32 9 1 0.14221501350402832 1 0.14221501350402832
dataset/stn/0619 1 0.002178192138671875 40 11 1 0.1449143886566162 1 0.1449143886566162
dataset/stn/0620 1 0.0011022090911865234 32 11 1 0.15352535247802734 1 0.15352535247802734
dataset/stn/0621 1 0.0010459423065185547 24 11 1 0.1421642303466797 1 0.1421642303466797
dataset/stn/0622 1 0.001260995864868164 40 11 1 0.14495635032653809 1 0.14495635032653809
dataset/stn/0623 1 0.0011167526245117188 32 11 1 0.14178967475891113 1 0.14178967475891113
dataset/stn/0624 1 0.0014171600341796875 48 11 1 0.14710307121276855 1 0.14710307121276855
dataset/stn/0625 1 0.0012140274047851562 40 11 1 0.14711952209472656 1 0.14711952209472656
dataset/stn/0626 1 0.001199960708618164 40 11 1 0.141434907913208 1 0.141434907913208
dataset/stn/0627 1 0.001312255859375 48 11 1 0.1407766342163086 1 0.1407766342163086
dataset/stn/0628 1 0.0011110305786132812 32 11 1 0.14694952964782715 1 0.14694952964782715
dataset/stn/0629 1 0.0011794567108154297 40 11 1 0.14585399627685547 1 0.14585399627685547
dataset/stn/0630 1 0.0012116432189941406 40 11 1 0.1412661075592041 1 0.1412661075592041
dataset/stn/0631 1 0.0011348724365234375 32 11 1 0.13902831077575684 1 0.13902831077575684
dataset/stn/0632 1 0.0011944770812988281 40 11 1 0.14712882041931152 1 0.14712882041931152
dataset/stn/0633 1 0.0010156631469726562 24 11 1 0.1520702838897705 1 0.1520702838897705
dataset/stn/0634 1 0.0011029243469238281 32 11 1 0.14376282691955566 1 0.14376282691955566
dataset/stn/0635 1 0.0018503665924072266 24 11 1 0.14639830589294434 1 0.14639830589294434
dataset/stn/0636 1 0.0012826919555664062 48 11 1 0.145402193069458 1 0.145402193069458
dataset/stn/0637 1 0.0013000965118408203 48 11 1 0.1423640251159668 1 0.1423640251159668
dataset/stn/0638 1 0.0012135505676269531 40 11 1 0.14146184921264648 1 0.14146184921264648
dataset/stn/0639 1 0.0010128021240234375 24 11 1 0.14255070686340332 1 0.14255070686340332
dataset/stn/0640 1 0.0012874603271484375 48 11 1 0.14483237266540527 1 0.14483237266540527
dataset/stn/0641 1 0.0011363029479980469 24 11 1 0.14276432991027832 1 0.14276432991027832
dataset/stn/0642 1 0.001010894775390625 24 11 1 0.14057469367980957 1 0.14057469367980957
dataset/stn/0643 1 0.0016620159149169922 24 11 1 0.14393091201782227 1 0.14393091201782227
dataset/stn/0644 1 0.0011982917785644531 40 11 1 0.14130616188049316 1 0.14130616188049316
dataset/stn/0645 1 0.0011234283447265625 32 11 1 0.1417081356048584 1 0.1417081356048584
dataset/stn/0646 1 0.0013458728790283203 48 11 1 0.14121294021606445 1 0.14121294021606445
dataset/stn/0647 1 0.0009603500366210938 24 9 1 0.14081621170043945 1 0.14081621170043945
dataset/stn/0648 1 0.0012965202331542969 32 11 1 0.1440889835357666 1 0.1440889835357666
dataset/stn/0649 1 0.001249551773071289 40 11 1 0.1465892791748047 1 0.1465892791748047
dataset/stn/0650 1 0.0011723041534423828 32 11 1 0.14492535591125488 1 0.14492535591125488
dataset/stn/0651 1 0.0021309852600097656 40 11 1 0.15035390853881836 1 0.15035390853881836
dataset/stn/0652 1 0.001062154769897461 32 9 1 0.13949799537658691 1 0.13949799537658691
dataset/stn/0653 1 0.0012989044189453125 48 11 1 0.1409623622894287 1 0.1409623622894287
dataset/stn/0654 1 0.0012121200561523438 40 11 1 0.14408183097839355 1 0.14408183097839355
dataset/stn/0655 1 0.0010058879852294922 24 11 1 0.14036846160888672 1 0.14036846160888672
dataset/stn/0656 1 0.0013170242309570312 48 11 1 0.14687037467956543 1 0.14687037467956543
dataset/stn/0657 1 0.0010766983032226562 32 11 1 0.14028573036193848 1 0.14028573036193848
dataset/stn/0658 1 0.0011358261108398438 40 9 1 0.14920473098754883 1 0.14920473098754883
dataset/stn/0659 1 0.0013370513916015625 48 11 1 0.15191411972045898 1 0.15191411972045898
dataset/stn/0660 1 0.001363992691040039 48 11 1 0.14426970481872559 1 0.14426970481872559
dataset/stn/0661 1 0.001222848892211914 40 11 1 0.1450338363647461 1 0.1450338363647461
dataset/stn/0662 1 0.0011637210845947266 32 11 1 0.15056180953979492 1 0.15056180953979492
dataset/stn/0663 1 0.001241922378540039 40 11 1 0.14583539962768555 1 0.14583539962768555
dataset/stn/0664 1 0.0010943412780761719 32 11 1 0.14482426643371582 1 0.14482426643371582
dataset/stn/0665 1 0.0010972023010253906 32 11 1 0.14315414428710938 1 0.14315414428710938
dataset/stn/0666 1 0.0011143684387207031 32 11 1 0.14339780807495117 1 0.14339780807495117
dataset/stn/0667 1 0.0021686553955078125 24 9 1 0.1441941261291504 1 0.1441941261291504
dataset/stn/0668 1 0.0012826919555664062 48 11 1 0.14040088653564453 1 0.14040088653564453
dataset/stn/0669 1 0.0011327266693115234 32 11 1 0.14089679718017578 1 0.14089679718017578
dataset/stn/0670 1 0.0009834766387939453 24 9 1 0.14085745811462402 1 0.14085745811462402
dataset/stn/0671 1 0.0011932849884033203 40 11 1 0.145097017288208 1 0.145097017288208
dataset/stn/0672 1 0.0009739398956298828 24 9 1 0.14336895942687988 1 0.14336895942687988
dataset/stn/0673 1 0.0012621879577636719 32 11 1 0.14318346977233887 1 0.14318346977233887
dataset/stn/0674 1 0.0009937286376953125 24 11 1 0.1439664363861084 1 0.1439664363861084
dataset/stn/0675 1 0.002122640609741211 40 11 1 0.1431891918182373 1 0.1431891918182373
dataset/stn/0676 1 0.0012867450714111328 48 11 1 0.14255023002624512 1 0.14255023002624512
dataset/stn/0677 1 0.0011925697326660156 40 11 1 0.1469120979309082 1 0.1469120979309082
dataset/stn/0678 1 0.0013093948364257812 48 11 1 0.14203715324401855 1 0.14203715324401855
dataset/stn/0679 1 0.0012538433074951172 40 11 1 0.1438615322113037 1 0.1438615322113037
dataset/stn/0680 1 0.0012352466583251953 40 11 1 0.14818668365478516 1 0.14818668365478516
dataset/stn/0681 1 0.0013933181762695312 40 11 1 0.14085936546325684 1 0.14085936546325684
dataset/stn/0682 1 0.00119781494140625 40 11 1 0.14167404174804688 1 0.14167404174804688
dataset/stn/0683 1 0.0011038780212402344 24 11 1 0.14663171768188477 1 0.14663171768188477
dataset/stn/0684 1 0.0013017654418945312 48 11 1 0.1371164321899414 1 0.1371164321899414
dataset/stn/0685 1 0.0011434555053710938 32 11 1 0.14207792282104492 1 0.14207792282104492
dataset/stn/0686 1 0.0011186599731445312 32 11 1 0.14507007598876953 1 0.14507007598876953
dataset/stn/0687 1 0.0011272430419921875 32 11 1 0.1416645050048828 1 0.1416645050048828
dataset/stn/0688 1 0.0012769699096679688 48 11 1 0.14897441864013672 1 0.14897441864013672
dataset/stn/0689 1 0.0010118484497070312 24 11 1 0.144789457321167 1 0.144789457321167
dataset/stn/0690 1 0.0013456344604492188 48 11 1 0.14097356796264648 1 0.14097356796264648
dataset/stn/0691 1 0.001199483871459961 40 11 1 0.1430199146270752 1 0.1430199146270752
dataset/stn/0692 1 0.0011436939239501953 40 9 1 0.14313912391662598 1 0.14313912391662598
dataset/stn/0693 1 0.0010995864868164062 32 11 1 0.14296936988830566 1 0.14296936988830566
dataset/stn/0694 1 0.0013165473937988281 48 11 1 0.14087343215942383 1 0.14087343215942383
dataset/stn/0695 1 0.0011496543884277344 40 9 1 0.13713693618774414 1 0.13713693618774414
dataset/stn/0696 1 0.001116037368774414 32 11 1 0.14272546768188477 1 0.14272546768188477
dataset/stn/0697 1 0.0010523796081542969 24 11 1 0.1482851505279541 1 0.1482851505279541
dataset/stn/0698 1 0.0012998580932617188 48 11 1 0.1580219268798828 1 0.1580219268798828
dataset/stn/0699 1 0.00127410888671875 40 11 1 0.14133501052856445 1 0.14133501052856445
dataset/stn/0700 1 0.0009789466857910156 24 9 1 0.1459667682647705 1 0.1459667682647705
dataset/stn/0701 1 0.0013244152069091797 48 11 1 0.14804458618164062 1 0.14804458618164062
dataset/stn/0702 1 0.0014204978942871094 48 11 1 0.13589739799499512 1 0.13589739799499512
dataset/stn/0703 1 0.001089334487915039 32 11 1 0.14596819877624512 1 0.14596819877624512
dataset/stn/0704 1 0.0010313987731933594 24 9 1 0.15245628356933594 1 0.15245628356933594
dataset/stn/0705 1 0.0011167526245117188 32 11 1 0.14801383018493652 1 0.14801383018493652
dataset/stn/0706 1 0.0009713172912597656 24 9 1 0.1405634880065918 1 0.1405634880065918
dataset/stn/0707 1 0.0018231868743896484 24 11 1 0.1423354148864746 1 0.1423354148864746
dataset/stn/0708 1 0.0013592243194580078 48 11 1 0.14310383796691895 1 0.14310383796691895
dataset/stn/0709 1 0.0013399124145507812 48 11 1 0.14261221885681152 1 0.14261221885681152
dataset/stn/0710 1 0.0012145042419433594 40 11 1 0.14133000373840332 1 0.14133000373840332
dataset/stn/0711 1 0.001157522201538086 32 11 1 0.1427314281463623 1 0.1427314281463623
dataset/stn/0712 1 0.0010142326354980469 24 11 1 0.14234209060668945 1 0.14234209060668945
dataset/stn/0713 1 0.0010251998901367188 24 11 1 0.15319204330444336 1 0.15319204330444336
dataset/stn/0714 1 0.0009694099426269531 24 9 1 0.14236688613891602 1 0.14236688613891602
dataset/stn/0715 1 0.002104520797729492 32 11 1 0.13820099830627441 1 0.13820099830627441
dataset/stn/0716 1 0.001294851303100586 48 11 1 0.15436553955078125 1 0.15436553955078125
dataset/stn/0717 1 0.0012052059173583984 40 11 1 0.14515066146850586 1 0.14515066146850586
dataset/stn/0718 1 0.0013353824615478516 48 11 1 0.14285063743591309 1 0.14285063743591309
dataset/stn/0719 1 0.0011522769927978516 32 11 1 0.14209675788879395 1 0.14209675788879395
dataset/stn/0720 1 0.0011088848114013672 32 11 1 0.14222311973571777 1 0.14222311973571777
dataset/stn/0721 1 0.0010120868682861328 24 11 1 0.14426279067993164 1 0.14426279067993164
dataset/stn/0722 1 0.0010294914245605469 24 11 1 0.1393876075744629 1 0.1393876075744629
dataset/stn/0723 1 0.001108407974243164 32 11 1 0.14610862731933594 1 0.14610862731933594
dataset/stn/0724 1 0.001329660415649414 48 11 1 0.14331269264221191 1 0.14331269264221191
dataset/stn/0725 1 0.00139617919921875 48 11 1 0.1420912742614746 1 0.1420912742614746
dataset/stn/0726 1 0.0011065006256103516 32 11 1 0.1387925148010254 1 0.1387925148010254
dataset/stn/0727 1 0.0011026859283447266 32 11 1 0.14280009269714355 1 0.14280009269714355
dataset/stn/0728 1 0.0013015270233154297 48 11 1 0.1408092975616455 1 0.1408092975616455
dataset/stn/0729 1 0.0011143684387207031 32 11 1 0.15107059478759766 1 0.15107059478759766
dataset/stn/0730 1 0.001219034194946289 40 11 1 0.14396119117736816 1 0.14396119117736816
dataset/stn/0731 1 0.0021162033081054688 40 11 1 0.1401071548461914 1 0.1401071548461914
dataset/stn/0732 1 0.0012459754943847656 40 11 1 0.15620040893554688 1 0.15620040893554688
dataset/stn/0733 1 0.001310110092163086 48 11 1 0.14429044723510742 1 0.14429044723510742
dataset/stn/0734 1 0.0011067390441894531 32 11 1 0.1377875804901123 1 0.1377875804901123
dataset/stn/0735 1 0.0012366771697998047 40 11 1 0.14252281188964844 1 0.14252281188964844
dataset/stn/0736 1 0.0011487007141113281 32 11 1 0.14520859718322754 1 0.14520859718322754
dataset/stn/0737 1 0.001390695571899414 48 11 1 0.1403052806854248 1 0.1403052806854248
dataset/stn/0738 1 0.0010974407196044922 32 11 1 0.14546608924865723 1 0.14546608924865723
dataset/stn/0739 1 0.0018086433410644531 24 9 1 0.1505603790283203 1 0.1505603790283203
dataset/stn/0740 1 0.001318216323852539 48 11 1 0.1429741382598877 1 0.1429741382598877
dataset/stn/0741 1 0.0011019706726074219 32 11 1 0.14181232452392578 1 0.14181232452392578
dataset/stn/0742 1 0.0012972354888916016 48 11 1 0.14468002319335938 1 0.14468002319335938
dataset/stn/0743 1 0.001219034194946289 40 11 1 0.15264081954956055 1 0.15264081954956055
dataset/stn/0744 1 0.0012178421020507812 32 11 1 0.14207720756530762 1 0.14207720756530762
dataset/stn/0745 1 0.0011782646179199219 40 9 1 0.1444406509399414 1 0.1444406509399414
dataset/stn/0746 1 0.0013456344604492188 48 11 1 0.14038395881652832 1 0.14038395881652832
dataset/stn/0747 1 0.0011963844299316406 32 11 1 0.1463630199432373 1 0.1463630199432373
dataset/stn/0748 1 0.001348257064819336 48 11 1 0.14449000358581543 1 0.14449000358581543
dataset/stn/0749 1 0.0011401176452636719 40 9 1 0.14095425605773926 1 0.14095425605773926
dataset/stn/0750 1 0.0012164115905761719 40 11 1 0.15130257606506348 1 0.15130257606506348
dataset/stn/0751 1 0.001117706298828125 32 11 1 0.14458489418029785 1 0.14458489418029785
dataset/stn/0752 1 0.0013129711151123047 48 11 1 0.14124631881713867 1 0.14124631881713867
dataset/stn/0753 1 0.0010213851928710938 24 11 1 0.14335346221923828 1 0.14335346221923828
dataset/stn/0754 1 0.001211404800415039 40 11 1 0.14269351959228516 1 0.14269351959228516
dataset/stn/0755 1 0.0021920204162597656 32 11 1 0.1583855152130127 1 0.1583855152130127
dataset/stn/0756 1 0.0013129711151123047 48 11 1 0.14194154739379883 1 0.14194154739379883
dataset/stn/0757 1 0.0011432170867919922 32 11 1 0.14455270767211914 1 0.14455270767211914
dataset/stn/0758 1 0.0013425350189208984 48 11 1 0.15446949005126953 1 0.15446949005126953
dataset/stn/0759 1 0.0011055469512939453 32 11 1 0.14246320724487305 1 0.14246320724487305
dataset/stn/0760 1 0.001172780990600586 32 11 1 0.15950655937194824 1 0.15950655937194824
dataset/stn/0761 1 0.0012269020080566406 40 11 1 0.15010643005371094 1 0.15010643005371094
dataset/stn/0762 1 0.0011131763458251953 24 9 1 0.13507914543151855 1 0.13507914543151855
dataset/stn/0763 1 0.0013337135314941406 40 11 1 0.14334845542907715 1 0.14334845542907715
dataset/stn/0764 1 0.0011963844299316406 40 11 1 0.14230966567993164 1 0.14230966567993164
dataset/stn/0765 1 0.0011878013610839844 24 11 1 0.14519667625427246 1 0.14519667625427246
dataset/stn/0766 1 0.000995635986328125 24 9 1 0.14161157608032227 1 0.14161157608032227
dataset/stn/0767 1 0.0013170242309570312 48 11 1 0.14190125465393066 1 0.14190125465393066
dataset/stn/0768 1 0.00113677978515625 32 11 1 0.14232301712036133 1 0.14232301712036133
dataset/stn/0769 1 0.0012941360473632812 48 11 1 0.14753103256225586 1 0.14753103256225586
dataset/stn/0770 1 0.0012927055358886719 48 11 1 0.14344048500061035 1 0.14344048500061035
dataset/stn/0771 1 0.0022039413452148438 40 11 1 0.14602899551391602 1 0.14602899551391602
dataset/stn/0772 1 0.0011096000671386719 32 11 1 0.14916539192199707 1 0.14916539192199707
dataset/stn/0773 1 0.0012035369873046875 40 11 1 0.1419358253479004 1 0.1419358253479004
dataset/stn/0774 1 0.0011987686157226562 40 11 1 0.14467978477478027 1 0.14467978477478027
dataset/stn/0775 1 0.0012993812561035156 48 11 1 0.14055204391479492 1 0.14055204391479492
dataset/stn/0776 1 0.0013456344604492188 48 11 1 0.14280271530151367 1 0.14280271530151367
dataset/stn/0777 1 0.0010807514190673828 24 11 1 0.14172005653381348 1 0.14172005653381348
dataset/stn/0778 1 0.0011734962463378906 32 11 1 0.14087438583374023 1 0.14087438583374023
dataset/stn/0779 1 0.0023665428161621094 40 11 1 0.14648795127868652 1 0.14648795127868652
dataset/stn/0780 1 0.0011360645294189453 32 11 1 0.14603734016418457 1 0.14603734016418457
dataset/stn/0781 1 0.0013384819030761719 48 11 1 0.15099358558654785 1 0.15099358558654785
dataset/stn/0782 1 0.0009834766387939453 24 9 1 0.141953706741333 1 0.141953706741333
dataset/stn/0783 1 0.0010573863983154297 32 9 1 0.14616703987121582 1 0.14616703987121582
dataset/stn/0784 1 0.0014600753784179688 48 11 1 0.14261460304260254 1 0.14261460304260254
dataset/stn/0785 1 0.0013036727905273438 48 11 1 0.14297199249267578 1 0.14297199249267578
dataset/stn/0786 1 0.0010306835174560547 24 11 1 0.14371347427368164 1 0.14371347427368164
dataset/stn/0787 1 0.0018773078918457031 24 11 1 0.1389615535736084 1 0.1389615535736084
dataset/stn/0788 1 0.0013031959533691406 48 11 1 0.14089155197143555 1 0.14089155197143555
dataset/stn/0789 1 0.0012590885162353516 40 11 1 0.13873577117919922 1 0.13873577117919922
dataset/stn/0790 1 0.0011878013610839844 40 11 1 0.1444385051727295 1 0.1444385051727295
dataset/stn/0791 1 0.0009596347808837891 24 9 1 0.1402876377105713 1 0.1402876377105713
dataset/stn/0792 1 0.0011718273162841797 32 11 1 0.14630651473999023 1 0.14630651473999023
dataset/stn/0793 1 0.0013051033020019531 48 11 1 0.14089322090148926 1 0.14089322090148926
dataset/stn/0794 1 0.0013027191162109375 32 11 1 0.15004467964172363 1 0.15004467964172363
dataset/stn/0795 1 0.002145528793334961 48 11 1 0.14612579345703125 1 0.14612579345703125
dataset/stn/0796 1 0.0011205673217773438 32 11 1 0.14951086044311523 1 0.14951086044311523
dataset/stn/0797 1 0.0011935234069824219 40 11 1 0.14097809791564941 1 0.14097809791564941
dataset/stn/0798 1 0.0011191368103027344 32 11 1 0.15701651573181152 1 0.15701651573181152
dataset/stn/0799 1 0.001280069351196289 40 11 1 0.1332085132598877 1 0.1332085132598877
dataset/stn/0800 1 0.0011057853698730469 32 11 1 0.1466531753540039 1 0.1466531753540039
dataset/stn/0801 1 0.0012054443359375 40 11 1 0.14434170722961426 1 0.14434170722961426
dataset/stn/0802 1 0.001068115234375 32 9 1 0.14128541946411133 1 0.14128541946411133
dataset/stn/0803 1 0.0017900466918945312 24 11 1 0.14754366874694824 1 0.14754366874694824
dataset/stn/0804 1 0.0011219978332519531 32 11 1 0.14235186576843262 1 0.14235186576843262
dataset/stn/0805 1 0.0012578964233398438 40 11 1 0.14097285270690918 1 0.14097285270690918
dataset/stn/0806 1 0.0010752677917480469 24 11 1 0.14204788208007812 1 0.14204788208007812
dataset/stn/0807 1 0.000988006591796875 24 9 1 0.14035463333129883 1 0.14035463333129883
dataset/stn/0808 1 0.0010275840759277344 24 11 1 0.14915752410888672 1 0.14915752410888672
dataset/stn/0809 1 0.0010781288146972656 24 9 1 0.14099550247192383 1 0.14099550247192383
dataset/stn/0810 1 0.0013070106506347656 48 11 1 0.1421494483947754 1 0.1421494483947754
dataset/stn/0811 1 0.002445220947265625 48 11 1 0.13753604888916016 1 0.13753604888916016
dataset/stn/0812 1 0.0009987354278564453 24 9 1 0.14129281044006348 1 0.14129281044006348
dataset/stn/0813 1 0.0010044574737548828 24 9 1 0.1412353515625 1 0.1412353515625
dataset/stn/0814 1 0.0009908676147460938 24 9 1 0.15602660179138184 1 0.15602660179138184
dataset/stn/0815 1 0.00101470947265625 24 11 1 0.1495814323425293 1 0.1495814323425293
dataset/stn/0816 1 0.0009837150573730469 24 9 1 0.13994097709655762 1 0.13994097709655762
dataset/stn/0817 1 0.0011904239654541016 40 11 1 0.14142084121704102 1 0.14142084121704102
dataset/stn/0818 1 0.0011360645294189453 32 11 1 0.1617281436920166 1 0.1617281436920166
dataset/stn/0819 1 0.0018622875213623047 24 11 1 0.14426040649414062 1 0.14426040649414062
dataset/stn/0820 1 0.0011951923370361328 40 11 1 0.14035987854003906 1 0.14035987854003906
dataset/stn/0821 1 0.0011250972747802734 32 11 1 0.14284515380859375 1 0.14284515380859375
dataset/stn/0822 1 0.0010154247283935547 24 11 1 0.14181804656982422 1 0.14181804656982422
dataset/stn/0823 1 0.0010149478912353516 24 11 1 0.14534258842468262 1 0.14534258842468262
dataset/stn/0824 1 0.001245260238647461 40 11 1 0.1459822654724121 1 0.1459822654724121
dataset/stn/0825 1 0.0011136531829833984 32 11 1 0.15509319305419922 1 0.15509319305419922
dataset/stn/0826 1 0.0012798309326171875 32 11 1 0.14453577995300293 1 0.14453577995300293
dataset/stn/0827 1 0.002251863479614258 40 11 1 0.13885974884033203 1 0.13885974884033203
dataset/stn/0828 1 0.0009975433349609375 24 11 1 0.14062857627868652 1 0.14062857627868652
dataset/stn/0829 1 0.0009999275207519531 24 9 1 0.14272546768188477 1 0.14272546768188477
dataset/stn/0830 1 0.001285552978515625 40 11 1 0.14549660682678223 1 0.14549660682678223
dataset/stn/0831 1 0.0010623931884765625 24 11 1 0.14239931106567383 1 0.14239931106567383
dataset/stn/0832 1 0.001018524169921875 24 11 1 0.1420726776123047 1 0.1420726776123047
dataset/stn/0833 1 0.0010755062103271484 32 9 1 0.14113545417785645 1 0.14113545417785645
dataset/stn/0834 1 0.0011932849884033203 32 11 1 0.14353084564208984 1 0.14353084564208984
dataset/stn/0835 1 0.0019431114196777344 32 9 1 0.14446306228637695 1 0.14446306228637695
dataset/stn/0836 1 0.0010192394256591797 24 11 1 0.142317533493042 1 0.142317533493042
dataset/stn/0837 1 0.000997304916381836 24 9 1 0.1408979892730713 1 0.1408979892730713
dataset/stn/0838 1 0.001199483871459961 40 11 1 0.1403670310974121 1 0.1403670310974121
dataset/stn/0839 1 0.0011131763458251953 32 11 1 0.14164495468139648 1 0.14164495468139648
dataset/stn/0840 1 0.001027822494506836 24 11 1 0.13970375061035156 1 0.13970375061035156
dataset/stn/0841 1 0.0012226104736328125 40 11 1 0.14751434326171875 1 0.14751434326171875
dataset/stn/0842 1 0.0012745857238769531 40 11 1 0.14281296730041504 1 0.14281296730041504
dataset/stn/0843 1 0.001981496810913086 24 9 1 0.1448836326599121 1 0.1448836326599121
dataset/stn/0844 1 0.0009551048278808594 24 9 1 0.142059326171875 1 0.142059326171875
dataset/stn/0845 1 0.0010111331939697266 24 11 1 0.14185690879821777 1 0.14185690879821777
dataset/stn/0846 1 0.0010399818420410156 24 11 1 0.14128708839416504 1 0.14128708839416504
dataset/stn/0847 1 0.0010006427764892578 24 11 1 0.14011168479919434 1 0.14011168479919434
dataset/stn/0848 1 0.0012118816375732422 40 11 1 0.14336633682250977 1 0.14336633682250977
dataset/stn/0849 1 0.0012989044189453125 48 11 1 0.14226746559143066 1 0.14226746559143066
dataset/stn/0850 1 0.0011212825775146484 32 11 1 0.14310407638549805 1 0.14310407638549805
dataset/stn/0851 1 0.002143383026123047 32 11 1 0.13425135612487793 1 0.13425135612487793
dataset/stn/0852 1 0.0011031627655029297 32 11 1 0.14166855812072754 1 0.14166855812072754
dataset/stn/0853 1 0.0013515949249267578 48 11 1 0.15143609046936035 1 0.15143609046936035
dataset/stn/0854 1 0.0010569095611572266 24 11 1 0.1469416618347168 1 0.1469416618347168
dataset/stn/0855 1 0.0011210441589355469 32 11 1 0.14267730712890625 1 0.14267730712890625
dataset/stn/0856 1 0.0011942386627197266 40 11 1 0.14089035987854004 1 0.14089035987854004
dataset/stn/0857 1 0.0009844303131103516 24 9 1 0.15551185607910156 1 0.15551185607910156
dataset/stn/0858 1 0.0013163089752197266 48 11 1 0.1450974941253662 1 0.1450974941253662
dataset/stn/0859 1 0.002009153366088867 32 11 1 0.13531279563903809 1 0.13531279563903809
dataset/stn/0860 1 0.0012860298156738281 48 11 1 0.1407458782196045 1 0.1407458782196045
dataset/stn/0861 1 0.0010418891906738281 24 11 1 0.1460740566253662 1 0.1460740566253662
dataset/stn/0862 1 0.0011239051818847656 32 11 1 0.14344048500061035 1 0.14344048500061035
dataset/stn/0863 1 0.0013222694396972656 48 11 1 0.14108633995056152 1 0.14108633995056152
dataset/stn/0864 1 0.0011124610900878906 32 11 1 0.1409313678741455 1 0.1409313678741455
dataset/stn/0865 1 0.0013165473937988281 48 11 1 0.13461852073669434 1 0.13461852073669434
dataset/stn/0866 1 0.00101470947265625 24 11 1 0.1442582607269287 1 0.1442582607269287
dataset/stn/0867 1 0.0022258758544921875 48 11 1 0.14037680625915527 1 0.14037680625915527
dataset/stn/0868 1 0.0011432170867919922 40 9 1 0.14496159553527832 1 0.14496159553527832
dataset/stn/0869 1 0.0009961128234863281 24 11 1 0.1345663070678711 1 0.1345663070678711
dataset/stn/0870 1 0.0011360645294189453 32 11 1 0.14559030532836914 1 0.14559030532836914
dataset/stn/0871 1 0.001110076904296875 32 11 1 0.14967703819274902 1 0.14967703819274902
dataset/stn/0872 1 0.0011990070343017578 32 11 1 0.14310598373413086 1 0.14310598373413086
dataset/stn/0873 1 0.0011169910430908203 24 11 1 0.14269757270812988 1 0.14269757270812988
dataset/stn/0874 1 0.0012857913970947266 48 11 1 0.1422119140625 1 0.1422119140625
dataset/stn/0875 1 0.0019483566284179688 24 11 1 0.14155316352844238 1 0.14155316352844238
dataset/stn/0876 1 0.0012097358703613281 40 11 1 0.15228796005249023 1 0.15228796005249023
dataset/stn/0877 1 0.0013396739959716797 48 11 1 0.1441028118133545 1 0.1441028118133545
dataset/stn/0878 1 0.0012867450714111328 48 11 1 0.14170551300048828 1 0.14170551300048828
dataset/stn/0879 1 0.0011358261108398438 32 11 1 0.14277195930480957 1 0.14277195930480957
dataset/stn/0880 1 0.001132965087890625 24 9 1 0.14225244522094727 1 0.14225244522094727
dataset/stn/0881 1 0.0013053417205810547 48 11 1 0.14255499839782715 1 0.14255499839782715
dataset/stn/0882 1 0.0011038780212402344 32 11 1 0.13554644584655762 1 0.13554644584655762
dataset/stn/0883 1 0.001961946487426758 40 11 1 0.14323639869689941 1 0.14323639869689941
dataset/stn/0884 1 0.0011105537414550781 32 11 1 0.14737319946289062 1 0.14737319946289062
dataset/stn/0885 1 0.0011949539184570312 40 11 1 0.141953706741333 1 0.141953706741333
dataset/stn/0886 1 0.0012335777282714844 40 11 1 0.14270329475402832 1 0.14270329475402832
dataset/stn/0887 1 0.0011169910430908203 32 11 1 0.14045429229736328 1 0.14045429229736328
dataset/stn/0888 1 0.0011386871337890625 40 9 1 0.1455235481262207 1 0.1455235481262207
dataset/stn/0889 1 0.0011134147644042969 32 11 1 0.14475464820861816 1 0.14475464820861816
dataset/stn/0890 1 0.001168966293334961 32 11 1 0.1413569450378418 1 0.1413569450378418
dataset/stn/0891 1 0.0020551681518554688 24 11 1 0.1417548656463623 1 0.1417548656463623
dataset/stn/0892 1 0.0011093616485595703 32 11 1 0.14275217056274414 1 0.14275217056274414
dataset/stn/0893 1 0.0011255741119384766 32 11 1 0.14556145668029785 1 0.14556145668029785
dataset/stn/0894 1 0.0010044574737548828 24 11 1 0.14136219024658203 1 0.14136219024658203
dataset/stn/0895 1 0.0009922981262207031 24 11 1 0.15631985664367676 1 0.15631985664367676
dataset/stn/0896 1 0.001302957534790039 48 11 1 0.14457130432128906 1 0.14457130432128906
dataset/stn/0897 1 0.0012218952178955078 40 11 1 0.14364981651306152 1 0.14364981651306152
dataset/stn/0898 1 0.0011935234069824219 40 11 1 0.14499807357788086 1 0.14499807357788086
dataset/stn/0899 1 0.0019040107727050781 32 11 1 0.15937423706054688 1 0.15937423706054688
dataset/stn/0900 1 0.0011425018310546875 32 11 1 0.1398015022277832 1 0.1398015022277832
dataset/stn/0901 1 0.0010123252868652344 24 11 1 0.14998292922973633 1 0.14998292922973633
dataset/stn/0902 1 0.0010962486267089844 32 11 1 0.14794421195983887 1 0.14794421195983887
dataset/stn/0903 1 0.0010139942169189453 24 11 1 0.15145516395568848 1 0.15145516395568848
dataset/stn/0904 1 0.0010979175567626953 32 11 1 0.14125418663024902 1 0.14125418663024902
dataset/stn/0905 1 0.0010983943939208984 32 11 1 0.155470609664917 1 0.155470609664917
dataset/stn/0906 1 0.0010035037994384766 24 11 1 0.14045953750610352 1 0.14045953750610352
dataset/stn/0907 1 0.002060413360595703 32 9 1 0.14973044395446777 1 0.14973044395446777
dataset/stn/0908 1 0.0013017654418945312 48 11 1 0.1456446647644043 1 0.1456446647644043
dataset/stn/0909 1 0.001100778579711914 32 11 1 0.1508798599243164 1 0.1508798599243164
dataset/stn/0910 1 0.0010085105895996094 24 11 1 0.14370274543762207 1 0.14370274543762207
dataset/stn/0911 1 0.0012104511260986328 40 11 1 0.14932489395141602 1 0.14932489395141602
dataset/stn/0912 1 0.001129150390625 32 11 1 0.1405191421508789 1 0.1405191421508789
dataset/stn/0913 1 0.001129150390625 32 11 1 0.14116954803466797 1 0.14116954803466797
dataset/stn/0914 1 0.0013287067413330078 48 11 1 0.14474868774414062 1 0.14474868774414062
dataset/stn/0915 1 0.0019328594207763672 32 11 1 0.14240097999572754 1 0.14240097999572754
dataset/stn/0916 1 0.0011775493621826172 40 9 1 0.14260292053222656 1 0.14260292053222656
dataset/stn/0917 1 0.0010769367218017578 32 9 1 0.14606761932373047 1 0.14606761932373047
dataset/stn/0918 1 0.001203775405883789 40 11 1 0.1610574722290039 1 0.1610574722290039
dataset/stn/0919 1 0.0011470317840576172 32 11 1 0.14985084533691406 1 0.14985084533691406
dataset/stn/0920 1 0.0012941360473632812 48 11 1 0.14147400856018066 1 0.14147400856018066
dataset/stn/0921 1 0.0012216567993164062 40 11 1 0.14037251472473145 1 0.14037251472473145
dataset/stn/0922 1 0.001096963882446289 24 11 1 0.1477344036102295 1 0.1477344036102295
dataset/stn/0923 1 0.0012252330780029297 40 11 1 0.1445305347442627 1 0.1445305347442627
dataset/stn/0924 1 0.0010838508605957031 32 11 1 0.14068984985351562 1 0.14068984985351562
dataset/stn/0925 1 0.0011930465698242188 40 11 1 0.14468598365783691 1 0.14468598365783691
dataset/stn/0926 1 0.0011899471282958984 40 11 1 0.14448165893554688 1 0.14448165893554688
dataset/stn/0927 1 0.0012676715850830078 40 11 1 0.1405041217803955 1 0.1405041217803955
dataset/stn/0928 1 0.0021271705627441406 40 11 1 0.14171767234802246 1 0.14171767234802246
dataset/stn/0929 1 0.0012021064758300781 40 11 1 0.15206623077392578 1 0.15206623077392578
dataset/stn/0930 1 0.0009708404541015625 24 9 1 0.1419374942779541 1 0.1419374942779541
dataset/stn/0931 1 0.0012691020965576172 40 11 1 0.14098191261291504 1 0.14098191261291504
dataset/stn/0932 1 0.0012369155883789062 40 11 1 0.1509699821472168 1 0.1509699821472168
dataset/stn/0933 1 0.0010771751403808594 32 9 1 0.14367318153381348 1 0.14367318153381348
dataset/stn/0934 1 0.001207113265991211 40 11 1 0.1434636116027832 1 0.1434636116027832
dataset/stn/0935 1 0.0009624958038330078 24 9 1 0.1381998062133789 1 0.1381998062133789
dataset/stn/0936 1 0.001882791519165039 24 11 1 0.14186954498291016 1 0.14186954498291016
dataset/stn/0937 1 0.0013055801391601562 48 11 1 0.14531278610229492 1 0.14531278610229492
dataset/stn/0938 1 0.0011830329895019531 40 11 1 0.14252376556396484 1 0.14252376556396484
dataset/stn/0939 1 0.0013415813446044922 48 11 1 0.14185166358947754 1 0.14185166358947754
dataset/stn/0940 1 0.0013020038604736328 48 11 1 0.1403806209564209 1 0.1403806209564209
dataset/stn/0941 1 0.001168966293334961 24 9 1 0.1414628028869629 1 0.1414628028869629
dataset/stn/0942 1 0.0012166500091552734 32 9 1 0.14999151229858398 1 0.14999151229858398
dataset/stn/0943 1 0.0010066032409667969 24 11 1 0.14370512962341309 1 0.14370512962341309
dataset/stn/0944 1 0.0011081695556640625 32 11 1 0.14207196235656738 1 0.14207196235656738
dataset/stn/0945 1 0.0013980865478515625 40 11 1 0.1423041820526123 1 0.1423041820526123
dataset/stn/0946 1 0.0012710094451904297 32 11 1 0.14185714721679688 1 0.14185714721679688
dataset/stn/0947 1 0.0013346672058105469 48 11 1 0.1590259075164795 1 0.1590259075164795
dataset/stn/0948 1 0.001110076904296875 32 11 1 0.1376497745513916 1 0.1376497745513916
dataset/stn/0949 1 0.0010139942169189453 24 9 1 0.1420283317565918 1 0.1420283317565918
dataset/stn/0950 1 0.0012068748474121094 40 11 1 0.13975739479064941 1 0.13975739479064941
dataset/stn/0951 1 0.0012984275817871094 48 11 1 0.14156270027160645 1 0.14156270027160645
dataset/stn/0952 1 0.0021195411682128906 48 11 1 0.1407475471496582 1 0.1407475471496582
dataset/stn/0953 1 0.0011157989501953125 32 11 1 0.1595003604888916 1 0.1595003604888916
dataset/stn/0954 1 0.0011053085327148438 32 11 1 0.14238190650939941 1 0.14238190650939941
dataset/stn/0955 1 0.0011167526245117188 32 11 1 0.14325213432312012 1 0.14325213432312012
dataset/stn/0956 1 0.0012340545654296875 40 11 1 0.14316368103027344 1 0.14316368103027344
dataset/stn/0957 1 0.0013535022735595703 48 11 1 0.14895009994506836 1 0.14895009994506836
dataset/stn/0958 1 0.0010831356048583984 32 9 1 0.14102411270141602 1 0.14102411270141602
dataset/stn/0959 1 0.0011022090911865234 32 11 1 0.14172983169555664 1 0.14172983169555664
dataset/stn/0960 1 0.002115488052368164 40 11 1 0.14446258544921875 1 0.14446258544921875
dataset/stn/0961 1 0.0011157989501953125 32 9 1 0.14125394821166992 1 0.14125394821166992
dataset/stn/0962 1 0.0011246204376220703 32 11 1 0.14018607139587402 1 0.14018607139587402
dataset/stn/0963 1 0.0012135505676269531 40 11 1 0.13315534591674805 1 0.13315534591674805
dataset/stn/0964 1 0.0011172294616699219 32 11 1 0.14606690406799316 1 0.14606690406799316
dataset/stn/0965 1 0.0011098384857177734 32 11 1 0.14441490173339844 1 0.14441490173339844
dataset/stn/0966 1 0.0013322830200195312 48 11 1 0.1454470157623291 1 0.1454470157623291
dataset/stn/0967 1 0.0010957717895507812 32 11 1 0.14569497108459473 1 0.14569497108459473
dataset/stn/0968 1 0.0021774768829345703 48 11 1 0.14303278923034668 1 0.14303278923034668
dataset/stn/0969 1 0.0012841224670410156 48 11 1 0.14085984230041504 1 0.14085984230041504
dataset/stn/0970 1 0.0011320114135742188 32 11 1 0.14186882972717285 1 0.14186882972717285
dataset/stn/0971 1 0.0011065006256103516 32 11 1 0.14758062362670898 1 0.14758062362670898
dataset/stn/0972 1 0.0011162757873535156 32 11 1 0.13626909255981445 1 0.13626909255981445
dataset/stn/0973 1 0.0011110305786132812 32 11 1 0.14214110374450684 1 0.14214110374450684
dataset/stn/0974 1 0.0011229515075683594 32 11 1 0.14943790435791016 1 0.14943790435791016
dataset/stn/0975 1 0.0012869834899902344 48 11 1 0.14430952072143555 1 0.14430952072143555
dataset/stn/0976 1 0.002315521240234375 48 11 1 0.1445600986480713 1 0.1445600986480713
dataset/stn/0977 1 0.001226186752319336 40 11 1 0.14246606826782227 1 0.14246606826782227
dataset/stn/0978 1 0.0010900497436523438 32 11 1 0.14204740524291992 1 0.14204740524291992
dataset/stn/0979 1 0.0011432170867919922 32 11 1 0.1434192657470703 1 0.1434192657470703
dataset/stn/0980 1 0.0012166500091552734 40 11 1 0.13844656944274902 1 0.13844656944274902
dataset/stn/0981 1 0.0010232925415039062 24 11 1 0.14863085746765137 1 0.14863085746765137
dataset/stn/0982 1 0.0010645389556884766 24 11 1 0.15812325477600098 1 0.15812325477600098
dataset/stn/0983 1 0.0010313987731933594 24 11 1 0.14496850967407227 1 0.14496850967407227
dataset/stn/0984 1 0.0020775794982910156 40 11 1 0.1468050479888916 1 0.1468050479888916
dataset/stn/0985 1 0.0012969970703125 48 11 1 0.14964985847473145 1 0.14964985847473145
dataset/stn/0986 1 0.0013146400451660156 48 11 1 0.15515518188476562 1 0.15515518188476562
dataset/stn/0987 1 0.001010894775390625 24 11 1 0.1525108814239502 1 0.1525108814239502
dataset/stn/0988 1 0.00110626220703125 32 11 1 0.1441049575805664 1 0.1441049575805664
dataset/stn/0989 1 0.0009992122650146484 24 11 1 0.13512468338012695 1 0.13512468338012695
dataset/stn/0990 1 0.0011069774627685547 32 11 1 0.1405789852142334 1 0.1405789852142334
dataset/stn/0991 1 0.0011234283447265625 32 11 1 0.14479398727416992 1 0.14479398727416992
dataset/stn/0992 1 0.0017523765563964844 32 9 1 0.14076828956604004 1 0.14076828956604004
dataset/stn/0993 1 0.001009225845336914 24 9 1 0.13989019393920898 1 0.13989019393920898
dataset/stn/0994 1 0.0012042522430419922 40 11 1 0.14236187934875488 1 0.14236187934875488
dataset/stn/0995 1 0.00130462646484375 48 11 1 0.14957404136657715 1 0.14957404136657715
dataset/stn/0996 1 0.0011098384857177734 32 11 1 0.14216279983520508 1 0.14216279983520508
dataset/stn/0997 1 0.0011143684387207031 32 11 1 0.14366888999938965 1 0.14366888999938965
dataset/stn/0998 1 0.0012912750244140625 48 11 1 0.13926291465759277 1 0.13926291465759277
dataset/stn/0999 1 0.0012388229370117188 40 11 1 0.14171457290649414 1 0.14171457290649414
dataset/stn/1000 1 0.0021026134490966797 40 11 1 0.14292454719543457 1 0.14292454719543457
