dataset/stnd/0001 1 0.001960277557373047 48 11 1 0.13882851600646973 1 0.13882851600646973
dataset/stnd/0002 1 0.001834869384765625 40 11 1 0.14203262329101562 1 0.14203262329101562
dataset/stnd/0003 1 0.002088308334350586 48 11 1 0.14333868026733398 1 0.14333868026733398
dataset/stnd/0004 1 0.002043485641479492 48 11 1 0.1440258026123047 1 0.1440258026123047
dataset/stnd/0005 1 0.0018036365509033203 40 9 1 0.1419987678527832 1 0.1419987678527832
dataset/stnd/0006 1 0.00189971923828125 48 11 1 0.1470658779144287 1 0.1470658779144287
dataset/stnd/0007 1 0.0016851425170898438 24 11 1 0.14776897430419922 1 0.14776897430419922
dataset/stnd/0008 1 0.0026764869689941406 40 11 1 0.14344191551208496 1 0.14344191551208496
dataset/stnd/0009 1 0.0018558502197265625 40 11 1 0.14275622367858887 1 0.14275622367858887
dataset/stnd/0010 1 0.0015974044799804688 24 11 1 0.14353680610656738 1 0.14353680610656738
dataset/stnd/0011 1 0.0018298625946044922 40 11 1 0.1482710838317871 1 0.1482710838317871
dataset/stnd/0012 1 0.0016179084777832031 24 9 1 0.1500852108001709 1 0.1500852108001709
dataset/stnd/0013 1 0.0020411014556884766 48 11 1 0.144057035446167 1 0.144057035446167
dataset/stnd/0014 1 0.0017440319061279297 32 11 1 0.1496291160583496 1 0.1496291160583496
dataset/stnd/0015 1 0.0019502639770507812 48 11 1 0.14336729049682617 1 0.14336729049682617
dataset/stnd/0016 1 0.0026090145111083984 32 11 1 0.15012884140014648 1 0.15012884140014648
dataset/stnd/0017 1 0.0019235610961914062 48 11 1 0.14431118965148926 1 0.14431118965148926
dataset/stnd/0018 1 0.0019388198852539062 48 11 1 0.1416606903076172 1 0.1416606903076172
dataset/stnd/0019 1 0.0018362998962402344 32 11 1 0.14667677879333496 1 0.14667677879333496
dataset/stnd/0020 1 0.0016338825225830078 24 11 1 0.14215373992919922 1 0.14215373992919922
dataset/stnd/0021 1 0.0018177032470703125 32 11 1 0.14415478706359863 1 0.14415478706359863
dataset/stnd/0022 1 0.0017840862274169922 40 9 1 0.14664220809936523 1 0.14664220809936523
dataset/stnd/0023 1 0.001983165740966797 48 11 1 0.14248394966125488 1 0.14248394966125488
dataset/stnd/0024 1 0.002554655075073242 40 11 1 0.16280317306518555 1 0.16280317306518555
dataset/stnd/0025 1 0.0017278194427490234 32 11 1 0.14586853981018066 1 0.14586853981018066
dataset/stnd/0026 1 0.0019001960754394531 40 15 1 0.15244483947753906 1 0.15244483947753906
dataset/stnd/0027 1 0.0016591548919677734 24 11 1 0.14245080947875977 1 0.14245080947875977
dataset/stnd/0028 1 0.002041339874267578 48 11 1 0.14322876930236816 1 0.14322876930236816
dataset/stnd/0029 1 0.0017876625061035156 32 11 1 0.14354681968688965 1 0.14354681968688965
dataset/stnd/0030 1 0.0018773078918457031 40 11 1 0.1460556983947754 1 0.1460556983947754
dataset/stnd/0031 1 0.0016810894012451172 24 13 1 0.14360308647155762 1 0.14360308647155762
dataset/stnd/0032 1 0.002596616744995117 40 11 1 0.1463944911956787 1 0.1463944911956787
dataset/stnd/0033 1 0.0017266273498535156 24 11 1 0.13992762565612793 1 0.13992762565612793
dataset/stnd/0034 1 0.0016849040985107422 24 11 1 0.14249157905578613 1 0.14249157905578613
dataset/stnd/0035 1 0.001936197280883789 48 11 1 0.1463770866394043 1 0.1463770866394043
dataset/stnd/0036 1 0.0018768310546875 48 11 1 0.1469738483428955 1 0.1469738483428955
dataset/stnd/0037 1 0.001975536346435547 48 11 1 0.146697998046875 1 0.146697998046875
dataset/stnd/0038 1 0.0018820762634277344 40 11 1 0.14382195472717285 1 0.14382195472717285
dataset/stnd/0039 1 0.001733541488647461 24 9 1 0.1381816864013672 1 0.1381816864013672
dataset/stnd/0040 1 0.002489328384399414 32 13 1 0.15266180038452148 1 0.15266180038452148
dataset/stnd/0041 1 0.0019681453704833984 48 11 1 0.1491081714630127 1 0.1491081714630127
dataset/stnd/0042 1 0.0018155574798583984 40 11 1 0.14901208877563477 1 0.14901208877563477
dataset/stnd/0043 1 0.0018429756164550781 40 11 1 0.14537668228149414 1 0.14537668228149414
dataset/stnd/0044 1 0.0017864704132080078 32 11 1 0.14749646186828613 1 0.14749646186828613
dataset/stnd/0045 1 0.0019009113311767578 40 11 1 0.1396949291229248 1 0.1396949291229248
dataset/stnd/0046 1 0.0019228458404541016 40 11 1 0.14232802391052246 1 0.14232802391052246
dataset/stnd/0047 1 0.001789093017578125 32 11 1 0.1456739902496338 1 0.1456739902496338
dataset/stnd/0048 1 0.0025703907012939453 32 13 1 0.14296436309814453 1 0.14296436309814453
dataset/stnd/0049 1 0.002123594284057617 48 15 1 0.14385771751403809 1 0.14385771751403809
dataset/stnd/0050 1 0.0018329620361328125 40 11 1 0.14520716667175293 1 0.14520716667175293
dataset/stnd/0051 1 0.001743316650390625 24 11 1 0.14686131477355957 1 0.14686131477355957
dataset/stnd/0052 1 0.0017163753509521484 32 11 1 0.1435408592224121 1 0.1435408592224121
dataset/stnd/0053 1 0.002025127410888672 48 11 1 0.14788103103637695 1 0.14788103103637695
dataset/stnd/0054 1 0.0018396377563476562 40 11 1 0.14448809623718262 1 0.14448809623718262
dataset/stnd/0055 1 0.001809835433959961 32 11 1 0.14820194244384766 1 0.14820194244384766
dataset/stnd/0056 1 0.0019500255584716797 48 11 1 0.14217376708984375 1 0.14217376708984375
dataset/stnd/0057 1 0.001695871353149414 24 11 1 0.15260648727416992 1 0.15260648727416992
dataset/stnd/0058 1 0.001705169677734375 32 9 1 0.1478254795074463 1 0.1478254795074463
dataset/stnd/0059 1 0.0018877983093261719 40 11 1 0.14507675170898438 1 0.14507675170898438
dataset/stnd/0060 1 0.0024766921997070312 40 11 1 0.14612126350402832 1 0.14612126350402832
dataset/stnd/0061 1 0.0017354488372802734 32 11 1 0.14563798904418945 1 0.14563798904418945
dataset/stnd/0062 1 0.002038717269897461 48 11 1 0.14467597007751465 1 0.14467597007751465
dataset/stnd/0063 1 0.0017273426055908203 24 11 1 0.14366912841796875 1 0.14366912841796875
dataset/stnd/0064 1 0.0017478466033935547 32 11 1 0.14606881141662598 1 0.14606881141662598
dataset/stnd/0065 1 0.0019292831420898438 48 11 1 0.1513819694519043 1 0.1513819694519043
dataset/stnd/0066 1 0.002077817916870117 48 11 1 0.14577198028564453 1 0.14577198028564453
dataset/stnd/0067 1 0.001989126205444336 48 11 1 0.14630126953125 1 0.14630126953125
dataset/stnd/0068 1 0.0018763542175292969 40 11 1 0.15131735801696777 1 0.15131735801696777
dataset/stnd/0069 1 0.0016417503356933594 24 9 1 0.14106178283691406 1 0.14106178283691406
dataset/stnd/0070 1 0.0019872188568115234 32 11 1 0.14300036430358887 1 0.14300036430358887
dataset/stnd/0071 1 0.0018165111541748047 40 11 1 0.14529991149902344 1 0.14529991149902344
dataset/stnd/0072 1 0.0019273757934570312 48 11 1 0.14438462257385254 1 0.14438462257385254
dataset/stnd/0073 1 0.0019838809967041016 48 11 1 0.14854073524475098 1 0.14854073524475098
dataset/stnd/0074 1 0.001865386962890625 40 13 1 0.14133214950561523 1 0.14133214950561523
dataset/stnd/0075 1 0.001794576644897461 24 11 1 0.16095829010009766 1 0.16095829010009766
dataset/stnd/0076 1 0.00284576416015625 40 11 1 0.15319395065307617 1 0.15319395065307617
dataset/stnd/0077 1 0.0018193721771240234 32 11 1 0.15072226524353027 1 0.15072226524353027
dataset/stnd/0078 1 0.0017514228820800781 32 11 1 0.1464991569519043 1 0.1464991569519043
dataset/stnd/0079 1 0.0016911029815673828 24 11 1 0.14287495613098145 1 0.14287495613098145
dataset/stnd/0080 1 0.0018184185028076172 40 11 1 0.15143585205078125 1 0.15143585205078125
dataset/stnd/0081 1 0.0018036365509033203 40 11 1 0.14031243324279785 1 0.14031243324279785
dataset/stnd/0082 1 0.001958131790161133 48 11 1 0.1421651840209961 1 0.1421651840209961
dataset/stnd/0083 1 0.0016872882843017578 24 11 1 0.14015913009643555 1 0.14015913009643555
dataset/stnd/0084 1 0.0025424957275390625 32 11 1 0.1405632495880127 1 0.1405632495880127
dataset/stnd/0085 1 0.002045869827270508 40 11 1 0.13865041732788086 1 0.13865041732788086
dataset/stnd/0086 1 0.001901865005493164 48 11 1 0.1463925838470459 1 0.1463925838470459
dataset/stnd/0087 1 0.0016529560089111328 24 11 1 0.1460437774658203 1 0.1460437774658203
dataset/stnd/0088 1 0.0017497539520263672 32 11 1 0.14922308921813965 1 0.14922308921813965
dataset/stnd/0089 1 0.0017380714416503906 32 11 1 0.1415421962738037 1 0.1415421962738037
dataset/stnd/0090 1 0.0016613006591796875 24 11 1 0.1446218490600586 1 0.1446218490600586
dataset/stnd/0091 1 0.0016684532165527344 24 11 1 0.14636611938476562 1 0.14636611938476562
dataset/stnd/0092 1 0.001953601837158203 48 11 1 0.14490437507629395 1 0.14490437507629395
dataset/stnd/0093 1 0.0016427040100097656 24 9 1 0.14115405082702637 1 0.14115405082702637
dataset/stnd/0094 1 0.0016443729400634766 24 11 1 0.15182042121887207 1 0.15182042121887207
dataset/stnd/0095 1 0.0017285346984863281 32 11 1 0.1531829833984375 1 0.1531829833984375
dataset/stnd/0096 1 0.0016100406646728516 24 9 1 0.14171743392944336 1 0.14171743392944336
dataset/stnd/0097 1 0.0018420219421386719 40 11 1 0.14290261268615723 1 0.14290261268615723
dataset/stnd/0098 1 0.0016663074493408203 24 9 1 0.16257882118225098 1 0.16257882118225098
dataset/stnd/0099 1 0.0019102096557617188 40 11 1 0.14441800117492676 1 0.14441800117492676
dataset/stnd/0100 1 0.002581357955932617 32 9 1 0.1404740810394287 1 0.1404740810394287
dataset/stnd/0101 1 0.0017094612121582031 32 11 1 0.14348530769348145 1 0.14348530769348145
dataset/stnd/0102 1 0.0017046928405761719 32 11 1 0.14252519607543945 1 0.14252519607543945
dataset/stnd/0103 1 0.0018222332000732422 40 11 1 0.14208221435546875 1 0.14208221435546875
dataset/stnd/0104 1 0.0018649101257324219 40 11 1 0.14769911766052246 1 0.14769911766052246
dataset/stnd/0105 1 0.0019085407257080078 40 11 1 0.1474595069885254 1 0.1474595069885254
dataset/stnd/0106 1 0.0017457008361816406 24 11 1 0.14413046836853027 1 0.14413046836853027
dataset/stnd/0107 1 0.0017726421356201172 32 11 1 0.14368343353271484 1 0.14368343353271484
dataset/stnd/0108 1 0.0025162696838378906 32 11 1 0.15115904808044434 1 0.15115904808044434
dataset/stnd/0109 1 0.0018229484558105469 40 11 1 0.14204859733581543 1 0.14204859733581543
dataset/stnd/0110 1 0.0016427040100097656 24 9 1 0.14339637756347656 1 0.14339637756347656
dataset/stnd/0111 1 0.0019049644470214844 48 11 1 0.14265799522399902 1 0.14265799522399902
dataset/stnd/0112 1 0.0018107891082763672 40 11 1 0.14342451095581055 1 0.14342451095581055
dataset/stnd/0113 1 0.0019524097442626953 48 11 1 0.14859771728515625 1 0.14859771728515625
dataset/stnd/0114 1 0.001664876937866211 24 9 1 0.14025449752807617 1 0.14025449752807617
dataset/stnd/0115 1 0.001842498779296875 40 11 1 0.14456725120544434 1 0.14456725120544434
dataset/stnd/0116 1 0.0017247200012207031 24 9 1 0.14377665519714355 1 0.14377665519714355
dataset/stnd/0117 1 0.001705169677734375 32 9 1 0.1452198028564453 1 0.1452198028564453
dataset/stnd/0118 1 0.0019147396087646484 48 11 1 0.14485740661621094 1 0.14485740661621094
dataset/stnd/0119 1 0.001653432846069336 24 11 1 0.1431748867034912 1 0.1431748867034912
dataset/stnd/0120 1 0.001962900161743164 48 11 1 0.14070653915405273 1 0.14070653915405273
dataset/stnd/0121 1 0.0017459392547607422 32 11 1 0.14447355270385742 1 0.14447355270385742
dataset/stnd/0122 1 0.0019412040710449219 40 11 1 0.14219951629638672 1 0.14219951629638672
dataset/stnd/0123 1 0.002044200897216797 48 11 1 0.14045310020446777 1 0.14045310020446777
dataset/stnd/0124 1 0.001954793930053711 48 11 1 0.1447293758392334 1 0.1447293758392334
dataset/stnd/0125 1 0.001882791519165039 48 9 1 0.14690756797790527 1 0.14690756797790527
dataset/stnd/0126 1 0.0017478466033935547 32 11 1 0.14200639724731445 1 0.14200639724731445
dataset/stnd/0127 1 0.00196075439453125 48 11 1 0.14290904998779297 1 0.14290904998779297
dataset/stnd/0128 1 0.0017440319061279297 24 11 1 0.14304280281066895 1 0.14304280281066895
dataset/stnd/0129 1 0.0018413066864013672 40 11 1 0.1444242000579834 1 0.1444242000579834
dataset/stnd/0130 1 0.0018410682678222656 32 11 1 0.1481015682220459 1 0.1481015682220459
dataset/stnd/0131 1 0.001600503921508789 24 11 1 0.14149045944213867 1 0.14149045944213867
dataset/stnd/0132 1 0.002698183059692383 40 11 1 0.1471548080444336 1 0.1471548080444336
dataset/stnd/0133 1 0.001964569091796875 48 11 1 0.14487433433532715 1 0.14487433433532715
dataset/stnd/0134 1 0.001886129379272461 40 11 1 0.14905095100402832 1 0.14905095100402832
dataset/stnd/0135 1 0.0017211437225341797 32 11 1 0.14983034133911133 1 0.14983034133911133
dataset/stnd/0136 1 0.0016536712646484375 24 9 1 0.14668941497802734 1 0.14668941497802734
dataset/stnd/0137 1 0.0016126632690429688 24 11 1 0.14516377449035645 1 0.14516377449035645
dataset/stnd/0138 1 0.0017118453979492188 32 11 1 0.144697904586792 1 0.144697904586792
dataset/stnd/0139 1 0.0017023086547851562 32 11 1 0.14426016807556152 1 0.14426016807556152
dataset/stnd/0140 1 0.002960205078125 48 11 1 0.15579509735107422 1 0.15579509735107422
dataset/stnd/0141 1 0.0017211437225341797 32 13 1 0.14555811882019043 1 0.14555811882019043
dataset/stnd/0142 1 0.0016429424285888672 24 11 1 0.14217829704284668 1 0.14217829704284668
dataset/stnd/0143 1 0.0018808841705322266 40 11 1 0.14273524284362793 1 0.14273524284362793
dataset/stnd/0144 1 0.0018796920776367188 40 11 1 0.14290666580200195 1 0.14290666580200195
dataset/stnd/0145 1 0.0020923614501953125 48 11 1 0.14437174797058105 1 0.14437174797058105
dataset/stnd/0146 1 0.002027750015258789 48 11 1 0.15168309211730957 1 0.15168309211730957
dataset/stnd/0147 1 0.00176239013671875 24 15 1 0.14258050918579102 1 0.14258050918579102
dataset/stnd/0148 1 0.002696514129638672 24 9 1 0.14697527885437012 1 0.14697527885437012
dataset/stnd/0149 1 0.0017533302307128906 32 11 1 0.14187073707580566 1 0.14187073707580566
dataset/stnd/0150 1 0.0018045902252197266 40 11 1 0.14838147163391113 1 0.14838147163391113
dataset/stnd/0151 1 0.0019304752349853516 48 11 1 0.14309000968933105 1 0.14309000968933105
dataset/stnd/0152 1 0.0016570091247558594 24 9 1 0.1418015956878662 1 0.1418015956878662
dataset/stnd/0153 1 0.0015826225280761719 24 11 1 0.14951300621032715 1 0.14951300621032715
dataset/stnd/0154 1 0.0016455650329589844 32 9 1 0.14698147773742676 1 0.14698147773742676
dataset/stnd/0155 1 0.001935720443725586 48 11 1 0.14692187309265137 1 0.14692187309265137
dataset/stnd/0156 1 0.0023200511932373047 24 11 1 0.14840078353881836 1 0.14840078353881836
dataset/stnd/0157 1 0.001957416534423828 48 11 1 0.14284586906433105 1 0.14284586906433105
dataset/stnd/0158 1 0.0019407272338867188 48 9 1 0.16442441940307617 1 0.16442441940307617
dataset/stnd/0159 1 0.001779317855834961 32 11 1 0.14232993125915527 1 0.14232993125915527
dataset/stnd/0160 1 0.0016620159149169922 24 11 1 0.14206838607788086 1 0.14206838607788086
dataset/stnd/0161 1 0.0019800662994384766 48 11 1 0.14212489128112793 1 0.14212489128112793
dataset/stnd/0162 1 0.0018169879913330078 40 11 1 0.14372038841247559 1 0.14372038841247559
dataset/stnd/0163 1 0.0018367767333984375 40 11 1 0.14015841484069824 1 0.14015841484069824
dataset/stnd/0164 1 0.0024585723876953125 32 11 1 0.14583468437194824 1 0.14583468437194824
dataset/stnd/0165 1 0.0018305778503417969 32 11 1 0.14352726936340332 1 0.14352726936340332
dataset/stnd/0166 1 0.0019366741180419922 48 11 1 0.14913392066955566 1 0.14913392066955566
dataset/stnd/0167 1 0.0017352104187011719 32 11 1 0.14356279373168945 1 0.14356279373168945
dataset/stnd/0168 1 0.002031087875366211 48 11 1 0.16191625595092773 1 0.16191625595092773
dataset/stnd/0169 1 0.001748800277709961 32 11 1 0.14501214027404785 1 0.14501214027404785
dataset/stnd/0170 1 0.001560211181640625 24 9 1 0.1510610580444336 1 0.1510610580444336
dataset/stnd/0171 1 0.0019371509552001953 48 11 1 0.14725089073181152 1 0.14725089073181152
dataset/stnd/0172 1 0.0025000572204589844 24 11 1 0.14254045486450195 1 0.14254045486450195
dataset/stnd/0173 1 0.0019221305847167969 48 11 1 0.14964628219604492 1 0.14964628219604492
dataset/stnd/0174 1 0.0017452239990234375 32 11 1 0.14531683921813965 1 0.14531683921813965
dataset/stnd/0175 1 0.0017311573028564453 32 11 1 0.14107704162597656 1 0.14107704162597656
dataset/stnd/0176 1 0.0016832351684570312 24 11 1 0.14411091804504395 1 0.14411091804504395
dataset/stnd/0177 1 0.001779317855834961 40 9 1 0.14734601974487305 1 0.14734601974487305
dataset/stnd/0178 1 0.0016193389892578125 24 11 1 0.15111160278320312 1 0.15111160278320312
dataset/stnd/0179 1 0.001994609832763672 48 11 1 0.14926457405090332 1 0.14926457405090332
dataset/stnd/0180 1 0.002867460250854492 48 11 1 0.14216923713684082 1 0.14216923713684082
dataset/stnd/0181 1 0.0018756389617919922 40 11 1 0.1376969814300537 1 0.1376969814300537
dataset/stnd/0182 1 0.0018911361694335938 40 11 1 0.14214515686035156 1 0.14214515686035156
dataset/stnd/0183 1 0.001852273941040039 40 11 1 0.14244508743286133 1 0.14244508743286133
dataset/stnd/0184 1 0.0018444061279296875 40 11 1 0.1451125144958496 1 0.1451125144958496
dataset/stnd/0185 1 0.001767873764038086 32 11 1 0.15924668312072754 1 0.15924668312072754
dataset/stnd/0186 1 0.0018868446350097656 40 11 1 0.14042305946350098 1 0.14042305946350098
dataset/stnd/0187 1 0.0017085075378417969 32 11 1 0.1498572826385498 1 0.1498572826385498
dataset/stnd/0188 1 0.002857685089111328 48 11 1 0.14050674438476562 1 0.14050674438476562
dataset/stnd/0189 1 0.0020754337310791016 48 13 1 0.1422739028930664 1 0.1422739028930664
dataset/stnd/0190 1 0.0016202926635742188 24 9 1 0.14356756210327148 1 0.14356756210327148
dataset/stnd/0191 1 0.001786947250366211 32 11 1 0.14733576774597168 1 0.14733576774597168
dataset/stnd/0192 1 0.0019292831420898438 48 11 1 0.14855384826660156 1 0.14855384826660156
dataset/stnd/0193 1 0.0016105175018310547 24 11 1 0.13622164726257324 1 0.13622164726257324
dataset/stnd/0194 1 0.0018503665924072266 40 11 1 0.1486806869506836 1 0.1486806869506836
dataset/stnd/0195 1 0.0017981529235839844 24 11 1 0.14364862442016602 1 0.14364862442016602
dataset/stnd/0196 1 0.002765178680419922 32 11 1 0.13606810569763184 1 0.13606810569763184
dataset/stnd/0197 1 0.0016722679138183594 24 11 1 0.14211297035217285 1 0.14211297035217285
dataset/stnd/0198 1 0.0018415451049804688 40 11 1 0.13480782508850098 1 0.13480782508850098
dataset/stnd/0199 1 0.0016613006591796875 24 11 1 0.1445605754852295 1 0.1445605754852295
dataset/stnd/0200 1 0.0016748905181884766 32 11 1 0.14370489120483398 1 0.14370489120483398
dataset/stnd/0201 1 0.0017015933990478516 24 11 1 0.1442704200744629 1 0.1442704200744629
dataset/stnd/0202 1 0.0016717910766601562 32 11 1 0.13727355003356934 1 0.13727355003356934
dataset/stnd/0203 1 0.0018150806427001953 40 11 1 0.14407062530517578 1 0.14407062530517578
dataset/stnd/0204 1 0.0025110244750976562 32 11 1 0.1429891586303711 1 0.1429891586303711
dataset/stnd/0205 1 0.001926422119140625 48 11 1 0.1457538604736328 1 0.1457538604736328
dataset/stnd/0206 1 0.0018360614776611328 40 11 1 0.1385478973388672 1 0.1385478973388672
dataset/stnd/0207 1 0.0017278194427490234 24 11 1 0.14384675025939941 1 0.14384675025939941
dataset/stnd/0208 1 0.0017566680908203125 32 11 1 0.14200043678283691 1 0.14200043678283691
dataset/stnd/0209 1 0.0017619132995605469 24 11 1 0.143876314163208 1 0.143876314163208
dataset/stnd/0210 1 0.001617431640625 24 11 1 0.1525895595550537 1 0.1525895595550537
dataset/stnd/0211 1 0.0020012855529785156 48 11 1 0.1386253833770752 1 0.1386253833770752
dataset/stnd/0212 1 0.002566099166870117 24 11 1 0.14356040954589844 1 0.14356040954589844
dataset/stnd/0213 1 0.001626729965209961 32 9 1 0.14176726341247559 1 0.14176726341247559
dataset/stnd/0214 1 0.0016753673553466797 32 11 1 0.1476578712463379 1 0.1476578712463379
dataset/stnd/0215 1 0.0019774436950683594 48 11 1 0.16028523445129395 1 0.16028523445129395
dataset/stnd/0216 1 0.0018095970153808594 40 11 1 0.14221811294555664 1 0.14221811294555664
dataset/stnd/0217 1 0.001699686050415039 24 11 1 0.14731144905090332 1 0.14731144905090332
dataset/stnd/0218 1 0.0017209053039550781 24 13 1 0.14867472648620605 1 0.14867472648620605
dataset/stnd/0219 1 0.0017733573913574219 32 11 1 0.16039752960205078 1 0.16039752960205078
dataset/stnd/0220 1 0.0023767948150634766 24 11 1 0.1472151279449463 1 0.1472151279449463
dataset/stnd/0221 1 0.0019152164459228516 40 11 1 0.1557323932647705 1 0.1557323932647705
dataset/stnd/0222 1 0.0017240047454833984 32 11 1 0.14199566841125488 1 0.14199566841125488
dataset/stnd/0223 1 0.0016951560974121094 32 9 1 0.14284062385559082 1 0.14284062385559082
dataset/stnd/0224 1 0.002108335494995117 48 13 1 0.15035486221313477 1 0.15035486221313477
dataset/stnd/0225 1 0.0018317699432373047 40 11 1 0.14554762840270996 1 0.14554762840270996
dataset/stnd/0226 1 0.002084970474243164 48 11 1 0.1429309844970703 1 0.1429309844970703
dataset/stnd/0227 1 0.0016930103302001953 32 11 1 0.1543428897857666 1 0.1543428897857666
dataset/stnd/0228 1 0.0018401145935058594 40 11 1 0.14698171615600586 1 0.14698171615600586
dataset/stnd/0229 1 0.0019168853759765625 40 13 1 0.1437387466430664 1 0.1437387466430664
dataset/stnd/0230 1 0.0018622875213623047 40 11 1 0.14768266677856445 1 0.14768266677856445
dataset/stnd/0231 1 0.0018527507781982422 48 11 1 0.14502310752868652 1 0.14502310752868652
dataset/stnd/0232 1 0.0018177032470703125 40 11 1 0.1495802402496338 1 0.1495802402496338
dataset/stnd/0233 1 0.0017917156219482422 24 13 1 0.14824819564819336 1 0.14824819564819336
dataset/stnd/0234 1 0.0018513202667236328 40 11 1 0.14006948471069336 1 0.14006948471069336
dataset/stnd/0235 1 0.0017313957214355469 24 7 1 0.14770197868347168 1 0.14770197868347168
dataset/stnd/0236 1 0.0027608871459960938 32 11 1 0.14572572708129883 1 0.14572572708129883
dataset/stnd/0237 1 0.0016126632690429688 24 11 1 0.13419675827026367 1 0.13419675827026367
dataset/stnd/0238 1 0.0016698837280273438 24 9 1 0.145949125289917 1 0.145949125289917
dataset/stnd/0239 1 0.001857757568359375 40 11 1 0.1505284309387207 1 0.1505284309387207
dataset/stnd/0240 1 0.002016305923461914 48 11 1 0.14820551872253418 1 0.14820551872253418
dataset/stnd/0241 1 0.0015778541564941406 24 9 1 0.1561744213104248 1 0.1561744213104248
dataset/stnd/0242 1 0.0017580986022949219 24 9 1 0.16138195991516113 1 0.16138195991516113
dataset/stnd/0243 1 0.001965045928955078 48 11 1 0.14202332496643066 1 0.14202332496643066
dataset/stnd/0244 1 0.0025031566619873047 24 13 1 0.1494462490081787 1 0.1494462490081787
dataset/stnd/0245 1 0.001653909683227539 32 9 1 0.1413435935974121 1 0.1413435935974121
dataset/stnd/0246 1 0.0018451213836669922 40 11 1 0.1622922420501709 1 0.1622922420501709
dataset/stnd/0247 1 0.0018956661224365234 40 11 1 0.14705944061279297 1 0.14705944061279297
dataset/stnd/0248 1 0.0015645027160644531 24 11 1 0.1443006992340088 1 0.1443006992340088
dataset/stnd/0249 1 0.001733541488647461 32 11 1 0.14633393287658691 1 0.14633393287658691
dataset/stnd/0250 1 0.0018346309661865234 40 11 1 0.13581395149230957 1 0.13581395149230957
dataset/stnd/0251 1 0.0016837120056152344 24 11 1 0.14888215065002441 1 0.14888215065002441
dataset/stnd/0252 1 0.002457857131958008 32 11 1 0.14827990531921387 1 0.14827990531921387
dataset/stnd/0253 1 0.0020329952239990234 48 11 1 0.14754796028137207 1 0.14754796028137207
dataset/stnd/0254 1 0.0019080638885498047 40 11 1 0.14573097229003906 1 0.14573097229003906
dataset/stnd/0255 1 0.0018305778503417969 32 11 1 0.1440887451171875 1 0.1440887451171875
dataset/stnd/0256 1 0.001857757568359375 40 11 1 0.1485896110534668 1 0.1485896110534668
dataset/stnd/0257 1 0.0018296241760253906 40 11 1 0.14925837516784668 1 0.14925837516784668
dataset/stnd/0258 1 0.0016598701477050781 24 11 1 0.1474778652191162 1 0.1474778652191162
dataset/stnd/0259 1 0.0017879009246826172 40 11 1 0.14098882675170898 1 0.14098882675170898
dataset/stnd/0260 1 0.002948760986328125 48 13 1 0.14629602432250977 1 0.14629602432250977
dataset/stnd/0261 1 0.001827239990234375 40 11 1 0.14826560020446777 1 0.14826560020446777
dataset/stnd/0262 1 0.0016560554504394531 24 11 1 0.14290475845336914 1 0.14290475845336914
dataset/stnd/0263 1 0.001558065414428711 24 11 1 0.1520230770111084 1 0.1520230770111084
dataset/stnd/0264 1 0.0018308162689208984 40 11 1 0.14638924598693848 1 0.14638924598693848
dataset/stnd/0265 1 0.0020647048950195312 48 11 1 0.1440134048461914 1 0.1440134048461914
dataset/stnd/0266 1 0.0018916130065917969 40 13 1 0.14839911460876465 1 0.14839911460876465
dataset/stnd/0267 1 0.0018396377563476562 32 11 1 0.14986515045166016 1 0.14986515045166016
dataset/stnd/0268 1 0.002593994140625 32 11 1 0.150482177734375 1 0.150482177734375
dataset/stnd/0269 1 0.0020232200622558594 48 11 1 0.14248895645141602 1 0.14248895645141602
dataset/stnd/0270 1 0.0017180442810058594 24 11 1 0.14522433280944824 1 0.14522433280944824
dataset/stnd/0271 1 0.00188446044921875 32 13 1 0.14219069480895996 1 0.14219069480895996
dataset/stnd/0272 1 0.0019259452819824219 40 11 1 0.16219282150268555 1 0.16219282150268555
dataset/stnd/0273 1 0.0016696453094482422 24 11 1 0.14793682098388672 1 0.14793682098388672
dataset/stnd/0274 1 0.0018470287322998047 40 11 1 0.14183735847473145 1 0.14183735847473145
dataset/stnd/0275 1 0.001741170883178711 32 11 1 0.14647340774536133 1 0.14647340774536133
dataset/stnd/0276 1 0.0024819374084472656 24 9 1 0.14216399192810059 1 0.14216399192810059
dataset/stnd/0277 1 0.0017821788787841797 32 11 1 0.15934967994689941 1 0.15934967994689941
dataset/stnd/0278 1 0.0018391609191894531 40 11 1 0.14970993995666504 1 0.14970993995666504
dataset/stnd/0279 1 0.0016872882843017578 24 11 1 0.1395425796508789 1 0.1395425796508789
dataset/stnd/0280 1 0.002005338668823242 48 11 1 0.1453990936279297 1 0.1453990936279297
dataset/stnd/0281 1 0.0018458366394042969 40 11 1 0.142899751663208 1 0.142899751663208
dataset/stnd/0282 1 0.0018117427825927734 40 11 1 0.14532852172851562 1 0.14532852172851562
dataset/stnd/0283 1 0.0020515918731689453 48 11 1 0.14603805541992188 1 0.14603805541992188
dataset/stnd/0284 1 0.0027518272399902344 40 11 1 0.14379310607910156 1 0.14379310607910156
dataset/stnd/0285 1 0.0018053054809570312 24 11 1 0.14386415481567383 1 0.14386415481567383
dataset/stnd/0286 1 0.0019524097442626953 48 11 1 0.14155864715576172 1 0.14155864715576172
dataset/stnd/0287 1 0.0018181800842285156 32 11 1 0.14777255058288574 1 0.14777255058288574
dataset/stnd/0288 1 0.0019876956939697266 40 11 1 0.14420318603515625 1 0.14420318603515625
dataset/stnd/0289 1 0.0017948150634765625 32 11 1 0.14565300941467285 1 0.14565300941467285
dataset/stnd/0290 1 0.0019865036010742188 48 13 1 0.1440122127532959 1 0.1440122127532959
dataset/stnd/0291 1 0.0018811225891113281 40 11 1 0.16390013694763184 1 0.16390013694763184
dataset/stnd/0292 1 0.002390623092651367 24 9 1 0.14702439308166504 1 0.14702439308166504
dataset/stnd/0293 1 0.0017895698547363281 32 11 1 0.15958142280578613 1 0.15958142280578613
dataset/stnd/0294 1 0.0017783641815185547 32 11 1 0.14586567878723145 1 0.14586567878723145
dataset/stnd/0295 1 0.0020215511322021484 48 11 1 0.14278483390808105 1 0.14278483390808105
dataset/stnd/0296 1 0.002006053924560547 48 11 1 0.14463186264038086 1 0.14463186264038086
dataset/stnd/0297 1 0.0017554759979248047 32 11 1 0.14379382133483887 1 0.14379382133483887
dataset/stnd/0298 1 0.001756429672241211 32 11 1 0.14882326126098633 1 0.14882326126098633
dataset/stnd/0299 1 0.0018656253814697266 40 11 1 0.14272785186767578 1 0.14272785186767578
dataset/stnd/0300 1 0.0027627944946289062 48 11 1 0.14182043075561523 1 0.14182043075561523
dataset/stnd/0301 1 0.0016536712646484375 24 9 1 0.14600920677185059 1 0.14600920677185059
dataset/stnd/0302 1 0.0020155906677246094 48 11 1 0.14301371574401855 1 0.14301371574401855
dataset/stnd/0303 1 0.001857757568359375 40 11 1 0.15254878997802734 1 0.15254878997802734
dataset/stnd/0304 1 0.0018725395202636719 40 11 1 0.15017485618591309 1 0.15017485618591309
dataset/stnd/0305 1 0.001934051513671875 48 11 1 0.1431868076324463 1 0.1431868076324463
dataset/stnd/0306 1 0.001989603042602539 48 11 1 0.1441636085510254 1 0.1441636085510254
dataset/stnd/0307 1 0.0016498565673828125 24 11 1 0.15005826950073242 1 0.15005826950073242
dataset/stnd/0308 1 0.001989126205444336 48 11 1 0.1510002613067627 1 0.1510002613067627
dataset/stnd/0309 1 0.002013683319091797 48 11 1 0.14226889610290527 1 0.14226889610290527
dataset/stnd/0310 1 0.0019712448120117188 48 11 1 0.14873743057250977 1 0.14873743057250977
dataset/stnd/0311 1 0.0021207332611083984 48 11 1 0.1468665599822998 1 0.1468665599822998
dataset/stnd/0312 1 0.0016834735870361328 32 11 1 0.14147090911865234 1 0.14147090911865234
dataset/stnd/0313 1 0.001737356185913086 32 13 1 0.14686942100524902 1 0.14686942100524902
dataset/stnd/0314 1 0.0017993450164794922 40 11 1 0.1457967758178711 1 0.1457967758178711
dataset/stnd/0315 1 0.0019001960754394531 32 11 1 0.14333510398864746 1 0.14333510398864746
dataset/stnd/0316 1 0.0025081634521484375 32 11 1 0.1444387435913086 1 0.1444387435913086
dataset/stnd/0317 1 0.0017313957214355469 24 13 1 0.1493372917175293 1 0.1493372917175293
dataset/stnd/0318 1 0.0018329620361328125 32 11 1 0.14252805709838867 1 0.14252805709838867
dataset/stnd/0319 1 0.0019099712371826172 48 11 1 0.15343046188354492 1 0.15343046188354492
dataset/stnd/0320 1 0.0019626617431640625 48 11 1 0.14232778549194336 1 0.14232778549194336
dataset/stnd/0321 1 0.0017325878143310547 32 9 1 0.14834809303283691 1 0.14834809303283691
dataset/stnd/0322 1 0.0017366409301757812 32 11 1 0.1452934741973877 1 0.1452934741973877
dataset/stnd/0323 1 0.0019488334655761719 48 11 1 0.16248202323913574 1 0.16248202323913574
dataset/stnd/0324 1 0.0030417442321777344 48 11 1 0.14603781700134277 1 0.14603781700134277
dataset/stnd/0325 1 0.002103090286254883 48 11 1 0.14769554138183594 1 0.14769554138183594
dataset/stnd/0326 1 0.00164794921875 24 13 1 0.14701175689697266 1 0.14701175689697266
dataset/stnd/0327 1 0.001935720443725586 40 11 1 0.14374232292175293 1 0.14374232292175293
dataset/stnd/0328 1 0.0017955303192138672 40 11 1 0.14641952514648438 1 0.14641952514648438
dataset/stnd/0329 1 0.001760721206665039 24 11 1 0.14672231674194336 1 0.14672231674194336
dataset/stnd/0330 1 0.0018334388732910156 40 11 1 0.1473400592803955 1 0.1473400592803955
dataset/stnd/0331 1 0.0019779205322265625 48 11 1 0.15163922309875488 1 0.15163922309875488
dataset/stnd/0332 1 0.002521038055419922 32 11 1 0.1399369239807129 1 0.1399369239807129
dataset/stnd/0333 1 0.0019083023071289062 48 11 1 0.14209699630737305 1 0.14209699630737305
dataset/stnd/0334 1 0.0017242431640625 32 11 1 0.1471083164215088 1 0.1471083164215088
dataset/stnd/0335 1 0.0017516613006591797 32 11 1 0.1473865509033203 1 0.1473865509033203
dataset/stnd/0336 1 0.001861572265625 40 11 1 0.14358091354370117 1 0.14358091354370117
dataset/stnd/0337 1 0.0017132759094238281 32 11 1 0.1429729461669922 1 0.1429729461669922
dataset/stnd/0338 1 0.0016841888427734375 24 11 1 0.14602160453796387 1 0.14602160453796387
dataset/stnd/0339 1 0.0021538734436035156 48 11 1 0.14546871185302734 1 0.14546871185302734
dataset/stnd/0340 1 0.002852201461791992 48 11 1 0.1394960880279541 1 0.1394960880279541
dataset/stnd/0341 1 0.001703500747680664 24 11 1 0.15117573738098145 1 0.15117573738098145
dataset/stnd/0342 1 0.0018291473388671875 40 11 1 0.14681744575500488 1 0.14681744575500488
dataset/stnd/0343 1 0.0018687248229980469 40 11 1 0.14272665977478027 1 0.14272665977478027
dataset/stnd/0344 1 0.0018901824951171875 48 11 1 0.14420723915100098 1 0.14420723915100098
dataset/stnd/0345 1 0.0019161701202392578 40 11 1 0.14765524864196777 1 0.14765524864196777
dataset/stnd/0346 1 0.0017561912536621094 24 11 1 0.1458897590637207 1 0.1458897590637207
dataset/stnd/0347 1 0.0019540786743164062 40 11 1 0.1660306453704834 1 0.1660306453704834
dataset/stnd/0348 1 0.002692699432373047 32 11 1 0.14563941955566406 1 0.14563941955566406
dataset/stnd/0349 1 0.0017440319061279297 32 11 1 0.1484994888305664 1 0.1484994888305664
dataset/stnd/0350 1 0.0018334388732910156 40 11 1 0.14226961135864258 1 0.14226961135864258
dataset/stnd/0351 1 0.001844644546508789 32 11 1 0.15735292434692383 1 0.15735292434692383
dataset/stnd/0352 1 0.0016689300537109375 24 13 1 0.145857572555542 1 0.145857572555542
dataset/stnd/0353 1 0.0018284320831298828 40 11 1 0.14241862297058105 1 0.14241862297058105
dataset/stnd/0354 1 0.0016105175018310547 24 11 1 0.1438736915588379 1 0.1438736915588379
dataset/stnd/0355 1 0.002036571502685547 48 11 1 0.14485406875610352 1 0.14485406875610352
dataset/stnd/0356 1 0.002652406692504883 32 11 1 0.14623737335205078 1 0.14623737335205078
dataset/stnd/0357 1 0.001859426498413086 40 11 1 0.14427542686462402 1 0.14427542686462402
dataset/stnd/0358 1 0.0014853477478027344 24 7 1 0.14600014686584473 1 0.14600014686584473
dataset/stnd/0359 1 0.001705169677734375 32 9 1 0.1428515911102295 1 0.1428515911102295
dataset/stnd/0360 1 0.0016760826110839844 24 11 1 0.14216065406799316 1 0.14216065406799316
dataset/stnd/0361 1 0.0019555091857910156 40 11 1 0.14833617210388184 1 0.14833617210388184
dataset/stnd/0362 1 0.001984119415283203 48 11 1 0.14688324928283691 1 0.14688324928283691
dataset/stnd/0363 1 0.0019707679748535156 48 11 1 0.15216732025146484 1 0.15216732025146484
dataset/stnd/0364 1 0.0024933815002441406 40 11 1 0.14729785919189453 1 0.14729785919189453
dataset/stnd/0365 1 0.0019431114196777344 48 11 1 0.1433393955230713 1 0.1433393955230713
dataset/stnd/0366 1 0.0017039775848388672 32 11 1 0.14765191078186035 1 0.14765191078186035
dataset/stnd/0367 1 0.0016567707061767578 24 11 1 0.1429288387298584 1 0.1429288387298584
dataset/stnd/0368 1 0.0018303394317626953 40 11 1 0.14364314079284668 1 0.14364314079284668
dataset/stnd/0369 1 0.00200653076171875 48 11 1 0.1424705982208252 1 0.1424705982208252
dataset/stnd/0370 1 0.001996278762817383 48 11 1 0.14172625541687012 1 0.14172625541687012
dataset/stnd/0371 1 0.0017142295837402344 24 15 1 0.1436169147491455 1 0.1436169147491455
dataset/stnd/0372 1 0.0025510787963867188 24 11 1 0.14296793937683105 1 0.14296793937683105
dataset/stnd/0373 1 0.0016913414001464844 24 11 1 0.14678549766540527 1 0.14678549766540527
dataset/stnd/0374 1 0.002008199691772461 48 11 1 0.15004563331604004 1 0.15004563331604004
dataset/stnd/0375 1 0.0020465850830078125 48 11 1 0.14556646347045898 1 0.14556646347045898
dataset/stnd/0376 1 0.0018935203552246094 40 13 1 0.14490413665771484 1 0.14490413665771484
dataset/stnd/0377 1 0.0017962455749511719 40 11 1 0.14267921447753906 1 0.14267921447753906
dataset/stnd/0378 1 0.0016186237335205078 24 9 1 0.1441023349761963 1 0.1441023349761963
dataset/stnd/0379 1 0.002143383026123047 48 11 1 0.14444422721862793 1 0.14444422721862793
dataset/stnd/0380 1 0.001890420913696289 48 9 1 0.14448332786560059 1 0.14448332786560059
dataset/stnd/0381 1 0.0018460750579833984 32 11 1 0.14568328857421875 1 0.14568328857421875
dataset/stnd/0382 1 0.002024412155151367 48 11 1 0.1452040672302246 1 0.1452040672302246
dataset/stnd/0383 1 0.0018544197082519531 40 11 1 0.14603662490844727 1 0.14603662490844727
dataset/stnd/0384 1 0.0015969276428222656 24 9 1 0.14930295944213867 1 0.14930295944213867
dataset/stnd/0385 1 0.0024466514587402344 24 13 1 0.14168095588684082 1 0.14168095588684082
dataset/stnd/0386 1 0.0018506050109863281 40 11 1 0.14532756805419922 1 0.14532756805419922
dataset/stnd/0387 1 0.0017001628875732422 32 11 1 0.14405560493469238 1 0.14405560493469238
dataset/stnd/0388 1 0.002267599105834961 48 11 1 0.14538264274597168 1 0.14538264274597168
dataset/stnd/0389 1 0.001857757568359375 32 9 1 0.15444207191467285 1 0.15444207191467285
dataset/stnd/0390 1 0.0018513202667236328 40 11 1 0.14380693435668945 1 0.14380693435668945
dataset/stnd/0391 1 0.001966714859008789 48 11 1 0.14435744285583496 1 0.14435744285583496
dataset/stnd/0392 1 0.002032041549682617 40 15 1 0.14369463920593262 1 0.14369463920593262
dataset/stnd/0393 1 0.0016634464263916016 24 13 1 0.13732385635375977 1 0.13732385635375977
dataset/stnd/0394 1 0.0016720294952392578 24 11 1 0.14219260215759277 1 0.14219260215759277
dataset/stnd/0395 1 0.0016984939575195312 24 11 1 0.14578771591186523 1 0.14578771591186523
dataset/stnd/0396 1 0.0018625259399414062 40 11 1 0.14857840538024902 1 0.14857840538024902
dataset/stnd/0397 1 0.001848459243774414 32 9 1 0.1525859832763672 1 0.1525859832763672
dataset/stnd/0398 1 0.0015764236450195312 24 9 1 0.13549017906188965 1 0.13549017906188965
dataset/stnd/0399 1 0.0016219615936279297 32 9 1 0.14129853248596191 1 0.14129853248596191
dataset/stnd/0400 1 0.0016970634460449219 32 11 1 0.14443397521972656 1 0.14443397521972656
dataset/stnd/0401 1 0.0026535987854003906 32 13 1 0.14541292190551758 1 0.14541292190551758
dataset/stnd/0402 1 0.0017247200012207031 32 11 1 0.14067792892456055 1 0.14067792892456055
dataset/stnd/0403 1 0.001642465591430664 24 9 1 0.14742827415466309 1 0.14742827415466309
dataset/stnd/0404 1 0.0017521381378173828 24 11 1 0.14693069458007812 1 0.14693069458007812
dataset/stnd/0405 1 0.0016295909881591797 24 11 1 0.14212274551391602 1 0.14212274551391602
dataset/stnd/0406 1 0.00182342529296875 40 11 1 0.1443469524383545 1 0.1443469524383545
dataset/stnd/0407 1 0.0019028186798095703 48 11 1 0.15044832229614258 1 0.15044832229614258
dataset/stnd/0408 1 0.001628875732421875 24 11 1 0.13565897941589355 1 0.13565897941589355
dataset/stnd/0409 1 0.0022788047790527344 24 9 1 0.14153480529785156 1 0.14153480529785156
dataset/stnd/0410 1 0.002034902572631836 48 11 1 0.14768099784851074 1 0.14768099784851074
dataset/stnd/0411 1 0.0019385814666748047 48 11 1 0.14403104782104492 1 0.14403104782104492
dataset/stnd/0412 1 0.0019218921661376953 40 11 1 0.1431722640991211 1 0.1431722640991211
dataset/stnd/0413 1 0.002061605453491211 48 11 1 0.1421048641204834 1 0.1421048641204834
dataset/stnd/0414 1 0.0016608238220214844 24 11 1 0.14516496658325195 1 0.14516496658325195
dataset/stnd/0415 1 0.0017821788787841797 32 11 1 0.15086793899536133 1 0.15086793899536133
dataset/stnd/0416 1 0.0019683837890625 48 11 1 0.1440122127532959 1 0.1440122127532959
dataset/stnd/0417 1 0.0028793811798095703 24 11 1 0.14302635192871094 1 0.14302635192871094
dataset/stnd/0418 1 0.0018658638000488281 40 11 1 0.14519977569580078 1 0.14519977569580078
dataset/stnd/0419 1 0.0019066333770751953 48 11 1 0.14322900772094727 1 0.14322900772094727
dataset/stnd/0420 1 0.0019812583923339844 48 11 1 0.14495038986206055 1 0.14495038986206055
dataset/stnd/0421 1 0.001920938491821289 40 11 1 0.1492469310760498 1 0.1492469310760498
dataset/stnd/0422 1 0.0018990039825439453 48 11 1 0.14433908462524414 1 0.14433908462524414
dataset/stnd/0423 1 0.001699209213256836 32 11 1 0.14884209632873535 1 0.14884209632873535
dataset/stnd/0424 1 0.001968860626220703 48 11 1 0.13864731788635254 1 0.13864731788635254
dataset/stnd/0425 1 0.0019905567169189453 48 11 1 0.14593982696533203 1 0.14593982696533203
dataset/stnd/0426 1 0.00159454345703125 24 11 1 0.14171171188354492 1 0.14171171188354492
dataset/stnd/0427 1 0.0016989707946777344 24 11 1 0.1404571533203125 1 0.1404571533203125
dataset/stnd/0428 1 0.0018742084503173828 48 11 1 0.14178109169006348 1 0.14178109169006348
dataset/stnd/0429 1 0.0019505023956298828 48 11 1 0.15598487854003906 1 0.15598487854003906
dataset/stnd/0430 1 0.001720428466796875 32 11 1 0.1426689624786377 1 0.1426689624786377
dataset/stnd/0431 1 0.0018465518951416016 40 11 1 0.14542222023010254 1 0.14542222023010254
dataset/stnd/0432 1 0.0018513202667236328 40 11 1 0.1441049575805664 1 0.1441049575805664
dataset/stnd/0433 1 0.0017781257629394531 32 11 1 0.14330315589904785 1 0.14330315589904785
dataset/stnd/0434 1 0.0017747879028320312 32 11 1 0.15236449241638184 1 0.15236449241638184
dataset/stnd/0435 1 0.0019140243530273438 48 11 1 0.14874792098999023 1 0.14874792098999023
dataset/stnd/0436 1 0.001714468002319336 24 9 1 0.14528608322143555 1 0.14528608322143555
dataset/stnd/0437 1 0.001611948013305664 24 9 1 0.14234161376953125 1 0.14234161376953125
dataset/stnd/0438 1 0.0017566680908203125 32 11 1 0.1444697380065918 1 0.1444697380065918
dataset/stnd/0439 1 0.0017282962799072266 32 11 1 0.14742136001586914 1 0.14742136001586914
dataset/stnd/0440 1 0.0018825531005859375 40 11 1 0.14328289031982422 1 0.14328289031982422
dataset/stnd/0441 1 0.0029306411743164062 48 11 1 0.16146445274353027 1 0.16146445274353027
dataset/stnd/0442 1 0.0016586780548095703 24 11 1 0.14371728897094727 1 0.14371728897094727
dataset/stnd/0443 1 0.0017139911651611328 32 9 1 0.14115571975708008 1 0.14115571975708008
dataset/stnd/0444 1 0.0018355846405029297 40 11 1 0.14288711547851562 1 0.14288711547851562
dataset/stnd/0445 1 0.0018150806427001953 40 11 1 0.14393877983093262 1 0.14393877983093262
dataset/stnd/0446 1 0.0017654895782470703 32 11 1 0.1404407024383545 1 0.1404407024383545
dataset/stnd/0447 1 0.0016376972198486328 24 11 1 0.1431882381439209 1 0.1431882381439209
dataset/stnd/0448 1 0.001970052719116211 48 11 1 0.14428496360778809 1 0.14428496360778809
dataset/stnd/0449 1 0.0024504661560058594 32 11 1 0.14240598678588867 1 0.14240598678588867
dataset/stnd/0450 1 0.0019600391387939453 48 11 1 0.14310717582702637 1 0.14310717582702637
dataset/stnd/0451 1 0.0017724037170410156 32 11 1 0.148850679397583 1 0.148850679397583
dataset/stnd/0452 1 0.0016634464263916016 24 11 1 0.14728760719299316 1 0.14728760719299316
dataset/stnd/0453 1 0.0016829967498779297 24 11 1 0.13869023323059082 1 0.13869023323059082
dataset/stnd/0454 1 0.0019326210021972656 32 13 1 0.14271759986877441 1 0.14271759986877441
dataset/stnd/0455 1 0.0017805099487304688 32 11 1 0.16197943687438965 1 0.16197943687438965
dataset/stnd/0456 1 0.0018992424011230469 40 11 1 0.1500537395477295 1 0.1500537395477295
dataset/stnd/0457 1 0.001983642578125 40 11 1 0.14292454719543457 1 0.14292454719543457
dataset/stnd/0458 1 0.0016584396362304688 32 11 1 0.14783549308776855 1 0.14783549308776855
dataset/stnd/0459 1 0.001958608627319336 40 11 1 0.1399531364440918 1 0.1399531364440918
dataset/stnd/0460 1 0.002015829086303711 48 11 1 0.14349150657653809 1 0.14349150657653809
dataset/stnd/0461 1 0.0017547607421875 32 11 1 0.1471412181854248 1 0.1471412181854248
dataset/stnd/0462 1 0.0016627311706542969 24 11 1 0.14714574813842773 1 0.14714574813842773
dataset/stnd/0463 1 0.001760244369506836 32 11 1 0.14503192901611328 1 0.14503192901611328
dataset/stnd/0464 1 0.0017642974853515625 32 11 1 0.14642643928527832 1 0.14642643928527832
dataset/stnd/0465 1 0.0019915103912353516 48 11 1 0.14265084266662598 1 0.14265084266662598
dataset/stnd/0466 1 0.0018341541290283203 40 11 1 0.15081214904785156 1 0.15081214904785156
dataset/stnd/0467 1 0.0016219615936279297 24 11 1 0.14375591278076172 1 0.14375591278076172
dataset/stnd/0468 1 0.0020017623901367188 48 11 1 0.14544677734375 1 0.14544677734375
dataset/stnd/0469 1 0.001714944839477539 32 9 1 0.14153337478637695 1 0.14153337478637695
dataset/stnd/0470 1 0.0016255378723144531 24 9 1 0.1422104835510254 1 0.1422104835510254
dataset/stnd/0471 1 0.0016791820526123047 24 11 1 0.15164971351623535 1 0.15164971351623535
dataset/stnd/0472 1 0.001665353775024414 24 9 1 0.14630603790283203 1 0.14630603790283203
dataset/stnd/0473 1 0.002445220947265625 32 11 1 0.14587783813476562 1 0.14587783813476562
dataset/stnd/0474 1 0.0016155242919921875 24 9 1 0.14726614952087402 1 0.14726614952087402
dataset/stnd/0475 1 0.0017650127410888672 32 11 1 0.1472182273864746 1 0.1472182273864746
dataset/stnd/0476 1 0.0017278194427490234 32 11 1 0.15500736236572266 1 0.15500736236572266
dataset/stnd/0477 1 0.0017094612121582031 32 11 1 0.14879584312438965 1 0.14879584312438965
dataset/stnd/0478 1 0.0017037391662597656 32 11 1 0.13947081565856934 1 0.13947081565856934
dataset/stnd/0479 1 0.0017559528350830078 32 11 1 0.14388680458068848 1 0.14388680458068848
dataset/stnd/0480 1 0.0018177032470703125 40 11 1 0.14468026161193848 1 0.14468026161193848
dataset/stnd/0481 1 0.0026712417602539062 40 11 1 0.14365506172180176 1 0.14365506172180176
dataset/stnd/0482 1 0.0017871856689453125 40 11 1 0.1390695571899414 1 0.1390695571899414
dataset/stnd/0483 1 0.0019061565399169922 40 11 1 0.14245057106018066 1 0.14245057106018066
dataset/stnd/0484 1 0.0018308162689208984 40 11 1 0.14208579063415527 1 0.14208579063415527
dataset/stnd/0485 1 0.0018427371978759766 32 11 1 0.14438128471374512 1 0.14438128471374512
dataset/stnd/0486 1 0.0016973018646240234 32 9 1 0.14320731163024902 1 0.14320731163024902
dataset/stnd/0487 1 0.0017006397247314453 32 11 1 0.14248228073120117 1 0.14248228073120117
dataset/stnd/0488 1 0.0016703605651855469 24 11 1 0.14133477210998535 1 0.14133477210998535
dataset/stnd/0489 1 0.0017750263214111328 32 11 1 0.14357757568359375 1 0.14357757568359375
dataset/stnd/0490 1 0.001954793930053711 48 11 1 0.14637541770935059 1 0.14637541770935059
dataset/stnd/0491 1 0.0017597675323486328 24 11 1 0.14360499382019043 1 0.14360499382019043
dataset/stnd/0492 1 0.0019578933715820312 48 11 1 0.15055513381958008 1 0.15055513381958008
dataset/stnd/0493 1 0.0017375946044921875 32 11 1 0.15776538848876953 1 0.15776538848876953
dataset/stnd/0494 1 0.0018010139465332031 40 11 1 0.14214134216308594 1 0.14214134216308594
dataset/stnd/0495 1 0.0019519329071044922 48 11 1 0.14248132705688477 1 0.14248132705688477
dataset/stnd/0496 1 0.0017304420471191406 32 11 1 0.14662647247314453 1 0.14662647247314453
dataset/stnd/0497 1 0.0019893646240234375 48 11 1 0.1462390422821045 1 0.1462390422821045
dataset/stnd/0498 1 0.0019516944885253906 48 11 1 0.14248323440551758 1 0.14248323440551758
dataset/stnd/0499 1 0.001851797103881836 40 11 1 0.14578938484191895 1 0.14578938484191895
dataset/stnd/0500 1 0.001638650894165039 24 11 1 0.14450335502624512 1 0.14450335502624512
dataset/stnd/0501 1 0.0020046234130859375 48 9 1 0.14415812492370605 1 0.14415812492370605
dataset/stnd/0502 1 0.0017266273498535156 32 11 1 0.15182209014892578 1 0.15182209014892578
dataset/stnd/0503 1 0.0020437240600585938 48 11 1 0.13701081275939941 1 0.13701081275939941
dataset/stnd/0504 1 0.0019571781158447266 48 11 1 0.14269614219665527 1 0.14269614219665527
dataset/stnd/0505 1 0.0019414424896240234 40 11 1 0.15053343772888184 1 0.15053343772888184
dataset/stnd/0506 1 0.0017752647399902344 32 11 1 0.14398622512817383 1 0.14398622512817383
dataset/stnd/0507 1 0.002263784408569336 48 11 1 0.14380574226379395 1 0.14380574226379395
dataset/stnd/0508 1 0.0019168853759765625 48 11 1 0.1457347869873047 1 0.1457347869873047
dataset/stnd/0509 1 0.0017871856689453125 32 11 1 0.14869427680969238 1 0.14869427680969238
dataset/stnd/0510 1 0.001894235610961914 40 13 1 0.1466207504272461 1 0.1466207504272461
dataset/stnd/0511 1 0.001825094223022461 32 13 1 0.1465752124786377 1 0.1465752124786377
dataset/stnd/0512 1 0.0016324520111083984 24 11 1 0.14582490921020508 1 0.14582490921020508
dataset/stnd/0513 1 0.0017247200012207031 32 11 1 0.14505791664123535 1 0.14505791664123535
dataset/stnd/0514 1 0.001893758773803711 40 11 1 0.14831256866455078 1 0.14831256866455078
dataset/stnd/0515 1 0.0017969608306884766 32 11 1 0.1357402801513672 1 0.1357402801513672
dataset/stnd/0516 1 0.0019488334655761719 48 11 1 0.14542889595031738 1 0.14542889595031738
dataset/stnd/0517 1 0.0018115043640136719 32 11 1 0.14181756973266602 1 0.14181756973266602
dataset/stnd/0518 1 0.001894235610961914 40 11 1 0.1423945426940918 1 0.1423945426940918
dataset/stnd/0519 1 0.0019261837005615234 48 11 1 0.14275765419006348 1 0.14275765419006348
dataset/stnd/0520 1 0.0017178058624267578 32 11 1 0.14209699630737305 1 0.14209699630737305
dataset/stnd/0521 1 0.0017364025115966797 32 11 1 0.1363382339477539 1 0.1363382339477539
dataset/stnd/0522 1 0.0017704963684082031 32 11 1 0.14941096305847168 1 0.14941096305847168
dataset/stnd/0523 1 0.0018591880798339844 40 11 1 0.14898371696472168 1 0.14898371696472168
dataset/stnd/0524 1 0.0018758773803710938 40 13 1 0.14508271217346191 1 0.14508271217346191
dataset/stnd/0525 1 0.0016903877258300781 24 11 1 0.14324450492858887 1 0.14324450492858887
dataset/stnd/0526 1 0.0016257762908935547 24 11 1 0.14588284492492676 1 0.14588284492492676
dataset/stnd/0527 1 0.0018007755279541016 40 11 1 0.14313149452209473 1 0.14313149452209473
dataset/stnd/0528 1 0.0018961429595947266 40 11 1 0.14333319664001465 1 0.14333319664001465
dataset/stnd/0529 1 0.0016987323760986328 24 13 1 0.14671730995178223 1 0.14671730995178223
dataset/stnd/0530 1 0.001878976821899414 40 11 1 0.14418578147888184 1 0.14418578147888184
dataset/stnd/0531 1 0.0019919872283935547 48 11 1 0.14601922035217285 1 0.14601922035217285
dataset/stnd/0532 1 0.0030019283294677734 48 11 1 0.14679265022277832 1 0.14679265022277832
dataset/stnd/0533 1 0.0017731189727783203 32 11 1 0.14641761779785156 1 0.14641761779785156
dataset/stnd/0534 1 0.0019533634185791016 48 11 1 0.15137314796447754 1 0.15137314796447754
dataset/stnd/0535 1 0.0016796588897705078 24 9 1 0.1420125961303711 1 0.1420125961303711
dataset/stnd/0536 1 0.0019550323486328125 48 11 1 0.14276933670043945 1 0.14276933670043945
dataset/stnd/0537 1 0.0017590522766113281 32 11 1 0.14673662185668945 1 0.14673662185668945
dataset/stnd/0538 1 0.001809835433959961 40 11 1 0.1417701244354248 1 0.1417701244354248
dataset/stnd/0539 1 0.0017552375793457031 32 11 1 0.14243316650390625 1 0.14243316650390625
dataset/stnd/0540 1 0.0028450489044189453 32 11 1 0.14247918128967285 1 0.14247918128967285
dataset/stnd/0541 1 0.001909494400024414 40 11 1 0.14356255531311035 1 0.14356255531311035
dataset/stnd/0542 1 0.0017228126525878906 32 9 1 0.14440059661865234 1 0.14440059661865234
dataset/stnd/0543 1 0.0016841888427734375 24 11 1 0.14312219619750977 1 0.14312219619750977
dataset/stnd/0544 1 0.001672506332397461 24 9 1 0.14176225662231445 1 0.14176225662231445
dataset/stnd/0545 1 0.0016436576843261719 24 11 1 0.1483173370361328 1 0.1483173370361328
dataset/stnd/0546 1 0.001600503921508789 24 11 1 0.14533615112304688 1 0.14533615112304688
dataset/stnd/0547 1 0.002044677734375 48 11 1 0.1440432071685791 1 0.1440432071685791
dataset/stnd/0548 1 0.001688241958618164 24 11 1 0.13683366775512695 1 0.13683366775512695
dataset/stnd/0549 1 0.0019736289978027344 48 11 1 0.14303159713745117 1 0.14303159713745117
dataset/stnd/0550 1 0.001714944839477539 32 11 1 0.14385032653808594 1 0.14385032653808594
dataset/stnd/0551 1 0.001980304718017578 48 11 1 0.1438906192779541 1 0.1438906192779541
dataset/stnd/0552 1 0.001844167709350586 40 11 1 0.14535999298095703 1 0.14535999298095703
dataset/stnd/0553 1 0.0017151832580566406 24 11 1 0.1459650993347168 1 0.1459650993347168
dataset/stnd/0554 1 0.001796722412109375 40 11 1 0.16195034980773926 1 0.16195034980773926
dataset/stnd/0555 1 0.0016980171203613281 32 9 1 0.14234471321105957 1 0.14234471321105957
dataset/stnd/0556 1 0.0027701854705810547 40 11 1 0.15535855293273926 1 0.15535855293273926
dataset/stnd/0557 1 0.0016319751739501953 24 9 1 0.14716196060180664 1 0.14716196060180664
dataset/stnd/0558 1 0.0016579627990722656 24 11 1 0.14414167404174805 1 0.14414167404174805
dataset/stnd/0559 1 0.0019991397857666016 48 11 1 0.1448831558227539 1 0.1448831558227539
dataset/stnd/0560 1 0.0017101764678955078 32 11 1 0.1439833641052246 1 0.1439833641052246
dataset/stnd/0561 1 0.0020236968994140625 48 11 1 0.14495229721069336 1 0.14495229721069336
dataset/stnd/0562 1 0.001992464065551758 48 11 1 0.14335036277770996 1 0.14335036277770996
dataset/stnd/0563 1 0.001985311508178711 48 11 1 0.140641450881958 1 0.140641450881958
dataset/stnd/0564 1 0.0024356842041015625 24 11 1 0.14238905906677246 1 0.14238905906677246
dataset/stnd/0565 1 0.0019125938415527344 48 11 1 0.14637136459350586 1 0.14637136459350586
dataset/stnd/0566 1 0.0018453598022460938 40 11 1 0.14865636825561523 1 0.14865636825561523
dataset/stnd/0567 1 0.0019676685333251953 48 11 1 0.13907670974731445 1 0.13907670974731445
dataset/stnd/0568 1 0.0017282962799072266 32 11 1 0.14523029327392578 1 0.14523029327392578
dataset/stnd/0569 1 0.002094745635986328 48 11 1 0.15029525756835938 1 0.15029525756835938
dataset/stnd/0570 1 0.0018649101257324219 40 11 1 0.1430060863494873 1 0.1430060863494873
dataset/stnd/0571 1 0.0017991065979003906 32 11 1 0.14715290069580078 1 0.14715290069580078
dataset/stnd/0572 1 0.002407073974609375 24 9 1 0.15891671180725098 1 0.15891671180725098
dataset/stnd/0573 1 0.0016591548919677734 24 11 1 0.14574646949768066 1 0.14574646949768066
dataset/stnd/0574 1 0.001794576644897461 40 9 1 0.14597249031066895 1 0.14597249031066895
dataset/stnd/0575 1 0.0019414424896240234 48 11 1 0.13755369186401367 1 0.13755369186401367
dataset/stnd/0576 1 0.0018486976623535156 40 11 1 0.14487528800964355 1 0.14487528800964355
dataset/stnd/0577 1 0.002049684524536133 48 11 1 0.14549899101257324 1 0.14549899101257324
dataset/stnd/0578 1 0.0018215179443359375 32 11 1 0.14776945114135742 1 0.14776945114135742
dataset/stnd/0579 1 0.0018548965454101562 40 11 1 0.14336061477661133 1 0.14336061477661133
dataset/stnd/0580 1 0.002464771270751953 40 9 1 0.14900445938110352 1 0.14900445938110352
dataset/stnd/0581 1 0.002073526382446289 48 11 1 0.13530397415161133 1 0.13530397415161133
dataset/stnd/0582 1 0.0017321109771728516 24 11 1 0.14634442329406738 1 0.14634442329406738
dataset/stnd/0583 1 0.0017592906951904297 32 11 1 0.1467747688293457 1 0.1467747688293457
dataset/stnd/0584 1 0.0019385814666748047 48 11 1 0.1468031406402588 1 0.1468031406402588
dataset/stnd/0585 1 0.00191497802734375 48 11 1 0.14769601821899414 1 0.14769601821899414
dataset/stnd/0586 1 0.0017399787902832031 32 11 1 0.1592264175415039 1 0.1592264175415039
dataset/stnd/0587 1 0.0016672611236572266 32 9 1 0.14162135124206543 1 0.14162135124206543
dataset/stnd/0588 1 0.0025243759155273438 40 11 1 0.1496591567993164 1 0.1496591567993164
dataset/stnd/0589 1 0.0017058849334716797 32 9 1 0.14293456077575684 1 0.14293456077575684
dataset/stnd/0590 1 0.0018634796142578125 40 11 1 0.14374041557312012 1 0.14374041557312012
dataset/stnd/0591 1 0.0019021034240722656 48 11 1 0.14902448654174805 1 0.14902448654174805
dataset/stnd/0592 1 0.0019888877868652344 48 11 1 0.14305758476257324 1 0.14305758476257324
dataset/stnd/0593 1 0.0019192695617675781 40 11 1 0.14469671249389648 1 0.14469671249389648
dataset/stnd/0594 1 0.0019295215606689453 48 11 1 0.14790010452270508 1 0.14790010452270508
dataset/stnd/0595 1 0.0015418529510498047 24 11 1 0.13623666763305664 1 0.13623666763305664
dataset/stnd/0596 1 0.0017783641815185547 32 11 1 0.14400410652160645 1 0.14400410652160645
dataset/stnd/0597 1 0.0016684532165527344 24 9 1 0.14209651947021484 1 0.14209651947021484
dataset/stnd/0598 1 0.0019516944885253906 48 11 1 0.14904069900512695 1 0.14904069900512695
dataset/stnd/0599 1 0.0020265579223632812 48 11 1 0.14959931373596191 1 0.14959931373596191
dataset/stnd/0600 1 0.002077817916870117 48 11 1 0.14988040924072266 1 0.14988040924072266
dataset/stnd/0601 1 0.0016472339630126953 24 11 1 0.14632296562194824 1 0.14632296562194824
dataset/stnd/0602 1 0.0018248558044433594 40 11 1 0.1445751190185547 1 0.1445751190185547
dataset/stnd/0603 1 0.0016188621520996094 24 9 1 0.14218711853027344 1 0.14218711853027344
dataset/stnd/0604 1 0.002379894256591797 24 11 1 0.1438295841217041 1 0.1438295841217041
dataset/stnd/0605 1 0.00186920166015625 40 11 1 0.1445167064666748 1 0.1445167064666748
dataset/stnd/0606 1 0.0017778873443603516 40 11 1 0.14478158950805664 1 0.14478158950805664
dataset/stnd/0607 1 0.001752614974975586 32 11 1 0.1607074737548828 1 0.1607074737548828
dataset/stnd/0608 1 0.0019211769104003906 48 11 1 0.1474895477294922 1 0.1474895477294922
dataset/stnd/0609 1 0.0018296241760253906 40 11 1 0.14245057106018066 1 0.14245057106018066
dataset/stnd/0610 1 0.0016930103302001953 32 11 1 0.14228487014770508 1 0.14228487014770508
dataset/stnd/0611 1 0.002105712890625 48 11 1 0.15239882469177246 1 0.15239882469177246
dataset/stnd/0612 1 0.002949953079223633 48 11 1 0.15093636512756348 1 0.15093636512756348
dataset/stnd/0613 1 0.0020558834075927734 48 11 1 0.1443777084350586 1 0.1443777084350586
dataset/stnd/0614 1 0.0019545555114746094 40 11 1 0.14663457870483398 1 0.14663457870483398
dataset/stnd/0615 1 0.0015287399291992188 24 9 1 0.14730286598205566 1 0.14730286598205566
dataset/stnd/0616 1 0.0017886161804199219 40 11 1 0.13999009132385254 1 0.13999009132385254
dataset/stnd/0617 1 0.001806497573852539 24 11 1 0.14359617233276367 1 0.14359617233276367
dataset/stnd/0618 1 0.0021903514862060547 48 11 1 0.14814043045043945 1 0.14814043045043945
dataset/stnd/0619 1 0.0018336772918701172 40 11 1 0.15042519569396973 1 0.15042519569396973
dataset/stnd/0620 1 0.002667665481567383 40 11 1 0.14673733711242676 1 0.14673733711242676
dataset/stnd/0621 1 0.0018951892852783203 48 11 1 0.14481735229492188 1 0.14481735229492188
dataset/stnd/0622 1 0.0018112659454345703 40 11 1 0.14091038703918457 1 0.14091038703918457
dataset/stnd/0623 1 0.001859426498413086 40 11 1 0.15174508094787598 1 0.15174508094787598
dataset/stnd/0624 1 0.0017321109771728516 32 11 1 0.14538025856018066 1 0.14538025856018066
dataset/stnd/0625 1 0.0017137527465820312 32 11 1 0.1437838077545166 1 0.1437838077545166
dataset/stnd/0626 1 0.0016982555389404297 24 11 1 0.14515399932861328 1 0.14515399932861328
dataset/stnd/0627 1 0.0016491413116455078 24 9 1 0.1481161117553711 1 0.1481161117553711
dataset/stnd/0628 1 0.001861572265625 40 11 1 0.16103482246398926 1 0.16103482246398926
dataset/stnd/0629 1 0.001834869384765625 32 11 1 0.14481163024902344 1 0.14481163024902344
dataset/stnd/0630 1 0.0019538402557373047 48 11 1 0.14154458045959473 1 0.14154458045959473
dataset/stnd/0631 1 0.002073526382446289 40 13 1 0.1426067352294922 1 0.1426067352294922
dataset/stnd/0632 1 0.0017476081848144531 32 11 1 0.14069008827209473 1 0.14069008827209473
dataset/stnd/0633 1 0.002019643783569336 48 17 1 0.1506202220916748 1 0.1506202220916748
dataset/stnd/0634 1 0.0017147064208984375 32 11 1 0.14475345611572266 1 0.14475345611572266
dataset/stnd/0635 1 0.0017175674438476562 24 11 1 0.1494596004486084 1 0.1494596004486084
dataset/stnd/0636 1 0.0026192665100097656 32 11 1 0.14324259757995605 1 0.14324259757995605
dataset/stnd/0637 1 0.0016133785247802734 24 9 1 0.17209315299987793 1 0.17209315299987793
dataset/stnd/0638 1 0.0018570423126220703 40 11 1 0.14225316047668457 1 0.14225316047668457
dataset/stnd/0639 1 0.0019884109497070312 48 11 1 0.14229178428649902 1 0.14229178428649902
dataset/stnd/0640 1 0.0019600391387939453 48 11 1 0.15120816230773926 1 0.15120816230773926
dataset/stnd/0641 1 0.001708984375 32 11 1 0.1495356559753418 1 0.1495356559753418
dataset/stnd/0642 1 0.0017380714416503906 32 11 1 0.1439361572265625 1 0.1439361572265625
dataset/stnd/0643 1 0.001665353775024414 24 9 1 0.13450336456298828 1 0.13450336456298828
dataset/stnd/0644 1 0.002481222152709961 24 9 1 0.1434187889099121 1 0.1434187889099121
dataset/stnd/0645 1 0.001972198486328125 48 11 1 0.1670374870300293 1 0.1670374870300293
dataset/stnd/0646 1 0.0016582012176513672 24 9 1 0.13347768783569336 1 0.13347768783569336
dataset/stnd/0647 1 0.0015614032745361328 24 9 1 0.14429950714111328 1 0.14429950714111328
dataset/stnd/0648 1 0.0019025802612304688 48 11 1 0.1415996551513672 1 0.1415996551513672
dataset/stnd/0649 1 0.001689910888671875 32 11 1 0.14180397987365723 1 0.14180397987365723
dataset/stnd/0650 1 0.0017232894897460938 24 11 1 0.14840316772460938 1 0.14840316772460938
dataset/stnd/0651 1 0.0016896724700927734 32 11 1 0.144974946975708 1 0.144974946975708
dataset/stnd/0652 1 0.0023801326751708984 24 9 1 0.1420905590057373 1 0.1420905590057373
dataset/stnd/0653 1 0.001996278762817383 48 11 1 0.15056562423706055 1 0.15056562423706055
dataset/stnd/0654 1 0.001928091049194336 48 11 1 0.14547395706176758 1 0.14547395706176758
dataset/stnd/0655 1 0.0020782947540283203 40 15 1 0.14639568328857422 1 0.14639568328857422
dataset/stnd/0656 1 0.0017209053039550781 32 11 1 0.14981579780578613 1 0.14981579780578613
dataset/stnd/0657 1 0.0017459392547607422 32 11 1 0.1471261978149414 1 0.1471261978149414
dataset/stnd/0658 1 0.0017969608306884766 40 11 1 0.13887715339660645 1 0.13887715339660645
dataset/stnd/0659 1 0.0017457008361816406 32 11 1 0.14532828330993652 1 0.14532828330993652
dataset/stnd/0660 1 0.0017125606536865234 32 11 1 0.14690566062927246 1 0.14690566062927246
dataset/stnd/0661 1 0.0017795562744140625 24 11 1 0.15260791778564453 1 0.15260791778564453
dataset/stnd/0662 1 0.001795053482055664 32 9 1 0.14667081832885742 1 0.14667081832885742
dataset/stnd/0663 1 0.0016908645629882812 24 11 1 0.16411828994750977 1 0.16411828994750977
dataset/stnd/0664 1 0.0018696784973144531 32 11 1 0.1459031105041504 1 0.1459031105041504
dataset/stnd/0665 1 0.001986265182495117 48 11 1 0.1459980010986328 1 0.1459980010986328
dataset/stnd/0666 1 0.0021047592163085938 48 11 1 0.14969086647033691 1 0.14969086647033691
dataset/stnd/0667 1 0.001687765121459961 24 9 1 0.14232635498046875 1 0.14232635498046875
dataset/stnd/0668 1 0.0018210411071777344 40 11 1 0.1415097713470459 1 0.1415097713470459
dataset/stnd/0669 1 0.0016138553619384766 24 11 1 0.14584732055664062 1 0.14584732055664062
dataset/stnd/0670 1 0.0019407272338867188 40 11 1 0.15145158767700195 1 0.15145158767700195
dataset/stnd/0671 1 0.0016236305236816406 24 11 1 0.14156699180603027 1 0.14156699180603027
dataset/stnd/0672 1 0.002100706100463867 48 11 1 0.14571213722229004 1 0.14571213722229004
dataset/stnd/0673 1 0.001789093017578125 32 11 1 0.14241743087768555 1 0.14241743087768555
dataset/stnd/0674 1 0.0016067028045654297 24 9 1 0.15404868125915527 1 0.15404868125915527
dataset/stnd/0675 1 0.0016694068908691406 24 11 1 0.1365528106689453 1 0.1365528106689453
dataset/stnd/0676 1 0.0018551349639892578 40 11 1 0.14059996604919434 1 0.14059996604919434
dataset/stnd/0677 1 0.0016412734985351562 24 11 1 0.14346766471862793 1 0.14346766471862793
dataset/stnd/0678 1 0.0015954971313476562 24 11 1 0.14717769622802734 1 0.14717769622802734
dataset/stnd/0679 1 0.0020194053649902344 48 11 1 0.14314675331115723 1 0.14314675331115723
dataset/stnd/0680 1 0.0018274784088134766 40 11 1 0.14244890213012695 1 0.14244890213012695
dataset/stnd/0681 1 0.002035379409790039 40 11 1 0.14262104034423828 1 0.14262104034423828
dataset/stnd/0682 1 0.0016193389892578125 24 9 1 0.13894939422607422 1 0.13894939422607422
dataset/stnd/0683 1 0.002512693405151367 32 11 1 0.14273595809936523 1 0.14273595809936523
dataset/stnd/0684 1 0.001802682876586914 40 11 1 0.16216015815734863 1 0.16216015815734863
dataset/stnd/0685 1 0.0016613006591796875 24 9 1 0.1415703296661377 1 0.1415703296661377
dataset/stnd/0686 1 0.0016055107116699219 24 9 1 0.14164090156555176 1 0.14164090156555176
dataset/stnd/0687 1 0.0017230510711669922 24 11 1 0.1470170021057129 1 0.1470170021057129
dataset/stnd/0688 1 0.001718282699584961 32 11 1 0.14181971549987793 1 0.14181971549987793
dataset/stnd/0689 1 0.0018208026885986328 40 11 1 0.1442732810974121 1 0.1442732810974121
dataset/stnd/0690 1 0.0021941661834716797 48 11 1 0.14829277992248535 1 0.14829277992248535
dataset/stnd/0691 1 0.0025343894958496094 32 11 1 0.14429569244384766 1 0.14429569244384766
dataset/stnd/0692 1 0.0016703605651855469 24 9 1 0.14610862731933594 1 0.14610862731933594
dataset/stnd/0693 1 0.0018563270568847656 32 13 1 0.14867568016052246 1 0.14867568016052246
dataset/stnd/0694 1 0.0017566680908203125 40 11 1 0.153578519821167 1 0.153578519821167
dataset/stnd/0695 1 0.0016736984252929688 24 11 1 0.14951062202453613 1 0.14951062202453613
dataset/stnd/0696 1 0.0018444061279296875 40 11 1 0.14542484283447266 1 0.14542484283447266
dataset/stnd/0697 1 0.002048969268798828 48 13 1 0.14670610427856445 1 0.14670610427856445
dataset/stnd/0698 1 0.0020155906677246094 48 13 1 0.14588546752929688 1 0.14588546752929688
dataset/stnd/0699 1 0.0027892589569091797 40 13 1 0.14283967018127441 1 0.14283967018127441
dataset/stnd/0700 1 0.0017075538635253906 24 13 1 0.14612579345703125 1 0.14612579345703125
dataset/stnd/0701 1 0.0017168521881103516 32 9 1 0.14392685890197754 1 0.14392685890197754
dataset/stnd/0702 1 0.0017371177673339844 32 9 1 0.14963531494140625 1 0.14963531494140625
dataset/stnd/0703 1 0.002004384994506836 48 11 1 0.1595475673675537 1 0.1595475673675537
dataset/stnd/0704 1 0.0017964839935302734 32 11 1 0.1424257755279541 1 0.1424257755279541
dataset/stnd/0705 1 0.0017743110656738281 32 11 1 0.14708590507507324 1 0.14708590507507324
dataset/stnd/0706 1 0.0018491744995117188 40 11 1 0.14770936965942383 1 0.14770936965942383
dataset/stnd/0707 1 0.002638578414916992 24 11 1 0.1435081958770752 1 0.1435081958770752
dataset/stnd/0708 1 0.0016798973083496094 24 9 1 0.14359378814697266 1 0.14359378814697266
dataset/stnd/0709 1 0.0017712116241455078 32 13 1 0.1444532871246338 1 0.1444532871246338
dataset/stnd/0710 1 0.0016696453094482422 24 9 1 0.14266395568847656 1 0.14266395568847656
dataset/stnd/0711 1 0.0017964839935302734 40 11 1 0.14717650413513184 1 0.14717650413513184
dataset/stnd/0712 1 0.0020253658294677734 48 11 1 0.1451883316040039 1 0.1451883316040039
dataset/stnd/0713 1 0.0018367767333984375 32 11 1 0.14788031578063965 1 0.14788031578063965
dataset/stnd/0714 1 0.001766204833984375 40 11 1 0.14925456047058105 1 0.14925456047058105
dataset/stnd/0715 1 0.0020904541015625 48 11 1 0.1453092098236084 1 0.1453092098236084
dataset/stnd/0716 1 0.0016896724700927734 24 11 1 0.14282751083374023 1 0.14282751083374023
dataset/stnd/0717 1 0.0016601085662841797 24 11 1 0.14341068267822266 1 0.14341068267822266
dataset/stnd/0718 1 0.0019490718841552734 48 11 1 0.1434330940246582 1 0.1434330940246582
dataset/stnd/0719 1 0.0016312599182128906 24 11 1 0.1418015956878662 1 0.1418015956878662
dataset/stnd/0720 1 0.0017609596252441406 32 11 1 0.14857840538024902 1 0.14857840538024902
dataset/stnd/0721 1 0.0017075538635253906 32 9 1 0.15554237365722656 1 0.15554237365722656
dataset/stnd/0722 1 0.0020401477813720703 48 11 1 0.14360594749450684 1 0.14360594749450684
dataset/stnd/0723 1 0.001848459243774414 32 11 1 0.14624786376953125 1 0.14624786376953125
dataset/stnd/0724 1 0.0016431808471679688 24 11 1 0.1567847728729248 1 0.1567847728729248
dataset/stnd/0725 1 0.0018839836120605469 40 11 1 0.14600038528442383 1 0.14600038528442383
dataset/stnd/0726 1 0.0018913745880126953 40 11 1 0.14365005493164062 1 0.14365005493164062
dataset/stnd/0727 1 0.001726388931274414 32 11 1 0.14533472061157227 1 0.14533472061157227
dataset/stnd/0728 1 0.0017864704132080078 32 11 1 0.14362215995788574 1 0.14362215995788574
dataset/stnd/0729 1 0.0016481876373291016 24 11 1 0.14950323104858398 1 0.14950323104858398
dataset/stnd/0730 1 0.0017070770263671875 32 11 1 0.13838624954223633 1 0.13838624954223633
dataset/stnd/0731 1 0.002591371536254883 24 11 1 0.14716291427612305 1 0.14716291427612305
dataset/stnd/0732 1 0.0019061565399169922 40 11 1 0.14488697052001953 1 0.14488697052001953
dataset/stnd/0733 1 0.001773834228515625 32 11 1 0.14409995079040527 1 0.14409995079040527
dataset/stnd/0734 1 0.0019273757934570312 40 11 1 0.14258289337158203 1 0.14258289337158203
dataset/stnd/0735 1 0.0018422603607177734 40 11 1 0.13985157012939453 1 0.13985157012939453
dataset/stnd/0736 1 0.0019407272338867188 48 11 1 0.1432027816772461 1 0.1432027816772461
dataset/stnd/0737 1 0.001806497573852539 32 11 1 0.14459443092346191 1 0.14459443092346191
dataset/stnd/0738 1 0.0016977787017822266 24 11 1 0.14430642127990723 1 0.14430642127990723
dataset/stnd/0739 1 0.002558469772338867 32 11 1 0.15504002571105957 1 0.15504002571105957
dataset/stnd/0740 1 0.0017650127410888672 32 11 1 0.13916516304016113 1 0.13916516304016113
dataset/stnd/0741 1 0.0017309188842773438 32 11 1 0.14209794998168945 1 0.14209794998168945
dataset/stnd/0742 1 0.002002716064453125 48 11 1 0.14358162879943848 1 0.14358162879943848
dataset/stnd/0743 1 0.0019915103912353516 48 11 1 0.1511530876159668 1 0.1511530876159668
dataset/stnd/0744 1 0.0019290447235107422 40 11 1 0.15933656692504883 1 0.15933656692504883
dataset/stnd/0745 1 0.001733541488647461 24 9 1 0.14310359954833984 1 0.14310359954833984
dataset/stnd/0746 1 0.0018694400787353516 40 11 1 0.14774608612060547 1 0.14774608612060547
dataset/stnd/0747 1 0.002505064010620117 24 11 1 0.1457531452178955 1 0.1457531452178955
dataset/stnd/0748 1 0.0018863677978515625 40 11 1 0.14374494552612305 1 0.14374494552612305
dataset/stnd/0749 1 0.0019135475158691406 40 11 1 0.14619064331054688 1 0.14619064331054688
dataset/stnd/0750 1 0.0020089149475097656 48 11 1 0.1422865390777588 1 0.1422865390777588
dataset/stnd/0751 1 0.0017185211181640625 24 11 1 0.14542746543884277 1 0.14542746543884277
dataset/stnd/0752 1 0.0016644001007080078 24 11 1 0.14973688125610352 1 0.14973688125610352
dataset/stnd/0753 1 0.0016684532165527344 24 11 1 0.1427171230316162 1 0.1427171230316162
dataset/stnd/0754 1 0.0018527507781982422 24 9 1 0.14222931861877441 1 0.14222931861877441
dataset/stnd/0755 1 0.0030100345611572266 48 11 1 0.14301371574401855 1 0.14301371574401855
dataset/stnd/0756 1 0.0016756057739257812 24 11 1 0.14423012733459473 1 0.14423012733459473
dataset/stnd/0757 1 0.0017542839050292969 32 11 1 0.14331817626953125 1 0.14331817626953125
dataset/stnd/0758 1 0.0018432140350341797 40 11 1 0.14861416816711426 1 0.14861416816711426
dataset/stnd/0759 1 0.0021550655364990234 48 11 1 0.1338200569152832 1 0.1338200569152832
dataset/stnd/0760 1 0.0018527507781982422 40 11 1 0.14325380325317383 1 0.14325380325317383
dataset/stnd/0761 1 0.0015375614166259766 24 9 1 0.13645362854003906 1 0.13645362854003906
dataset/stnd/0762 1 0.001752614974975586 24 11 1 0.14341402053833008 1 0.14341402053833008
dataset/stnd/0763 1 0.0030579566955566406 48 11 1 0.1428234577178955 1 0.1428234577178955
dataset/stnd/0764 1 0.0018978118896484375 40 11 1 0.1466064453125 1 0.1466064453125
dataset/stnd/0765 1 0.0016682147979736328 24 11 1 0.1454448699951172 1 0.1454448699951172
dataset/stnd/0766 1 0.0016834735870361328 32 11 1 0.14478182792663574 1 0.14478182792663574
dataset/stnd/0767 1 0.0016810894012451172 24 11 1 0.14141511917114258 1 0.14141511917114258
dataset/stnd/0768 1 0.0016965866088867188 24 9 1 0.13712406158447266 1 0.13712406158447266
dataset/stnd/0769 1 0.0018718242645263672 48 9 1 0.1449427604675293 1 0.1449427604675293
dataset/stnd/0770 1 0.0019347667694091797 48 11 1 0.1422560214996338 1 0.1422560214996338
dataset/stnd/0771 1 0.002552032470703125 32 11 1 0.14725112915039062 1 0.14725112915039062
dataset/stnd/0772 1 0.0017948150634765625 40 11 1 0.14411258697509766 1 0.14411258697509766
dataset/stnd/0773 1 0.0018780231475830078 40 11 1 0.14403700828552246 1 0.14403700828552246
dataset/stnd/0774 1 0.001725912094116211 32 11 1 0.14295291900634766 1 0.14295291900634766
dataset/stnd/0775 1 0.0018033981323242188 32 11 1 0.14227533340454102 1 0.14227533340454102
dataset/stnd/0776 1 0.0018310546875 48 9 1 0.13647675514221191 1 0.13647675514221191
dataset/stnd/0777 1 0.0017304420471191406 24 11 1 0.14344167709350586 1 0.14344167709350586
dataset/stnd/0778 1 0.0018215179443359375 40 11 1 0.14933133125305176 1 0.14933133125305176
dataset/stnd/0779 1 0.003123044967651367 40 11 1 0.1608595848083496 1 0.1608595848083496
dataset/stnd/0780 1 0.0018315315246582031 40 11 1 0.13845515251159668 1 0.13845515251159668
dataset/stnd/0781 1 0.0017268657684326172 32 11 1 0.1490163803100586 1 0.1490163803100586
dataset/stnd/0782 1 0.0018012523651123047 40 11 1 0.14334464073181152 1 0.14334464073181152
dataset/stnd/0783 1 0.0020210742950439453 48 11 1 0.1494295597076416 1 0.1494295597076416
dataset/stnd/0784 1 0.0018548965454101562 40 11 1 0.15191268920898438 1 0.15191268920898438
dataset/stnd/0785 1 0.0016934871673583984 24 13 1 0.14923810958862305 1 0.14923810958862305
dataset/stnd/0786 1 0.0016965866088867188 32 11 1 0.14450931549072266 1 0.14450931549072266
dataset/stnd/0787 1 0.002066373825073242 48 11 1 0.14303278923034668 1 0.14303278923034668
dataset/stnd/0788 1 0.001909494400024414 48 11 1 0.14525055885314941 1 0.14525055885314941
dataset/stnd/0789 1 0.0018150806427001953 40 11 1 0.14211440086364746 1 0.14211440086364746
dataset/stnd/0790 1 0.0017311573028564453 24 11 1 0.14853715896606445 1 0.14853715896606445
dataset/stnd/0791 1 0.0015845298767089844 24 13 1 0.14109134674072266 1 0.14109134674072266
dataset/stnd/0792 1 0.0016705989837646484 24 11 1 0.14443659782409668 1 0.14443659782409668
dataset/stnd/0793 1 0.0020575523376464844 48 11 1 0.1471397876739502 1 0.1471397876739502
dataset/stnd/0794 1 0.0019295215606689453 40 11 1 0.15046477317810059 1 0.15046477317810059
dataset/stnd/0795 1 0.0029244422912597656 32 11 1 0.14720392227172852 1 0.14720392227172852
dataset/stnd/0796 1 0.001880645751953125 40 11 1 0.14672303199768066 1 0.14672303199768066
dataset/stnd/0797 1 0.0017979145050048828 32 11 1 0.14954185485839844 1 0.14954185485839844
dataset/stnd/0798 1 0.0017938613891601562 40 11 1 0.14274382591247559 1 0.14274382591247559
dataset/stnd/0799 1 0.0016431808471679688 24 11 1 0.15047502517700195 1 0.15047502517700195
dataset/stnd/0800 1 0.0017952919006347656 24 11 1 0.14761710166931152 1 0.14761710166931152
dataset/stnd/0801 1 0.0016605854034423828 24 11 1 0.14402294158935547 1 0.14402294158935547
dataset/stnd/0802 1 0.0017192363739013672 24 11 1 0.14893007278442383 1 0.14893007278442383
dataset/stnd/0803 1 0.0016918182373046875 24 11 1 0.14309191703796387 1 0.14309191703796387
dataset/stnd/0804 1 0.0019202232360839844 40 11 1 0.14261198043823242 1 0.14261198043823242
dataset/stnd/0805 1 0.001596212387084961 24 11 1 0.14317750930786133 1 0.14317750930786133
dataset/stnd/0806 1 0.0016798973083496094 24 11 1 0.14285802841186523 1 0.14285802841186523
dataset/stnd/0807 1 0.0018596649169921875 40 11 1 0.14231514930725098 1 0.14231514930725098
dataset/stnd/0808 1 0.0019617080688476562 48 11 1 0.15332508087158203 1 0.15332508087158203
dataset/stnd/0809 1 0.0016837120056152344 24 13 1 0.1460866928100586 1 0.1460866928100586
dataset/stnd/0810 1 0.0018422603607177734 40 11 1 0.14701008796691895 1 0.14701008796691895
dataset/stnd/0811 1 0.0029435157775878906 48 11 1 0.1421830654144287 1 0.1421830654144287
dataset/stnd/0812 1 0.0017399787902832031 24 11 1 0.1432788372039795 1 0.1432788372039795
dataset/stnd/0813 1 0.0017316341400146484 32 11 1 0.14757776260375977 1 0.14757776260375977
dataset/stnd/0814 1 0.0017478466033935547 32 11 1 0.14694952964782715 1 0.14694952964782715
dataset/stnd/0815 1 0.0018324851989746094 40 11 1 0.14448118209838867 1 0.14448118209838867
dataset/stnd/0816 1 0.0016613006591796875 32 9 1 0.13841009140014648 1 0.13841009140014648
dataset/stnd/0817 1 0.0018625259399414062 40 11 1 0.14404892921447754 1 0.14404892921447754
dataset/stnd/0818 1 0.0019392967224121094 48 11 1 0.14411592483520508 1 0.14411592483520508
dataset/stnd/0819 1 0.0019249916076660156 40 11 1 0.14797568321228027 1 0.14797568321228027
dataset/stnd/0820 1 0.0019192695617675781 40 11 1 0.14506840705871582 1 0.14506840705871582
dataset/stnd/0821 1 0.001630544662475586 24 11 1 0.14159369468688965 1 0.14159369468688965
dataset/stnd/0822 1 0.0017497539520263672 24 13 1 0.14736485481262207 1 0.14736485481262207
dataset/stnd/0823 1 0.0018470287322998047 40 11 1 0.14760756492614746 1 0.14760756492614746
dataset/stnd/0824 1 0.0019519329071044922 48 11 1 0.14626407623291016 1 0.14626407623291016
dataset/stnd/0825 1 0.0019016265869140625 48 11 1 0.1598188877105713 1 0.1598188877105713
dataset/stnd/0826 1 0.0017960071563720703 24 9 1 0.14596128463745117 1 0.14596128463745117
dataset/stnd/0827 1 0.0027549266815185547 40 9 1 0.1449129581451416 1 0.1449129581451416
dataset/stnd/0828 1 0.0019540786743164062 48 11 1 0.14760732650756836 1 0.14760732650756836
dataset/stnd/0829 1 0.0019102096557617188 40 11 1 0.14444565773010254 1 0.14444565773010254
dataset/stnd/0830 1 0.0018610954284667969 40 11 1 0.14396262168884277 1 0.14396262168884277
dataset/stnd/0831 1 0.0019991397857666016 48 11 1 0.14081668853759766 1 0.14081668853759766
dataset/stnd/0832 1 0.0018901824951171875 40 11 1 0.14713001251220703 1 0.14713001251220703
dataset/stnd/0833 1 0.001975536346435547 48 11 1 0.14293241500854492 1 0.14293241500854492
dataset/stnd/0834 1 0.0018486976623535156 32 11 1 0.15144968032836914 1 0.15144968032836914
dataset/stnd/0835 1 0.0017328262329101562 32 11 1 0.14170265197753906 1 0.14170265197753906
dataset/stnd/0836 1 0.0017979145050048828 40 11 1 0.15198135375976562 1 0.15198135375976562
dataset/stnd/0837 1 0.0019333362579345703 48 11 1 0.14318227767944336 1 0.14318227767944336
dataset/stnd/0838 1 0.0017697811126708984 32 11 1 0.14255690574645996 1 0.14255690574645996
dataset/stnd/0839 1 0.0015854835510253906 24 9 1 0.14507007598876953 1 0.14507007598876953
dataset/stnd/0840 1 0.0017876625061035156 32 11 1 0.14644312858581543 1 0.14644312858581543
dataset/stnd/0841 1 0.0020132064819335938 48 11 1 0.1470794677734375 1 0.1470794677734375
dataset/stnd/0842 1 0.002645730972290039 32 13 1 0.14685893058776855 1 0.14685893058776855
dataset/stnd/0843 1 0.0018379688262939453 40 11 1 0.1474320888519287 1 0.1474320888519287
dataset/stnd/0844 1 0.0018956661224365234 40 11 1 0.15025639533996582 1 0.15025639533996582
dataset/stnd/0845 1 0.001898050308227539 40 11 1 0.14584946632385254 1 0.14584946632385254
dataset/stnd/0846 1 0.0018117427825927734 40 11 1 0.13959813117980957 1 0.13959813117980957
dataset/stnd/0847 1 0.0018465518951416016 40 11 1 0.14547181129455566 1 0.14547181129455566
dataset/stnd/0848 1 0.0018792152404785156 48 11 1 0.14608097076416016 1 0.14608097076416016
dataset/stnd/0849 1 0.0017023086547851562 24 11 1 0.1604926586151123 1 0.1604926586151123
dataset/stnd/0850 1 0.0027010440826416016 40 11 1 0.14973068237304688 1 0.14973068237304688
dataset/stnd/0851 1 0.0019702911376953125 48 11 1 0.15303277969360352 1 0.15303277969360352
dataset/stnd/0852 1 0.0017611980438232422 32 11 1 0.14950823783874512 1 0.14950823783874512
dataset/stnd/0853 1 0.0016520023345947266 24 11 1 0.14182305335998535 1 0.14182305335998535
dataset/stnd/0854 1 0.0018057823181152344 32 9 1 0.14136147499084473 1 0.14136147499084473
dataset/stnd/0855 1 0.001706838607788086 24 11 1 0.15160799026489258 1 0.15160799026489258
dataset/stnd/0856 1 0.0017819404602050781 32 11 1 0.15893840789794922 1 0.15893840789794922
dataset/stnd/0857 1 0.0017237663269042969 32 9 1 0.14197182655334473 1 0.14197182655334473
dataset/stnd/0858 1 0.001980304718017578 48 9 1 0.15857791900634766 1 0.15857791900634766
dataset/stnd/0859 1 0.0016834735870361328 24 11 1 0.15200209617614746 1 0.15200209617614746
dataset/stnd/0860 1 0.001983642578125 40 13 1 0.1432647705078125 1 0.1432647705078125
dataset/stnd/0861 1 0.002061128616333008 48 11 1 0.14169812202453613 1 0.14169812202453613
dataset/stnd/0862 1 0.001779317855834961 32 13 1 0.1439824104309082 1 0.1439824104309082
dataset/stnd/0863 1 0.0018246173858642578 40 9 1 0.14021515846252441 1 0.14021515846252441
dataset/stnd/0864 1 0.002065420150756836 48 11 1 0.14511823654174805 1 0.14511823654174805
dataset/stnd/0865 1 0.0018832683563232422 40 11 1 0.15030884742736816 1 0.15030884742736816
dataset/stnd/0866 1 0.0028629302978515625 40 11 1 0.1441631317138672 1 0.1441631317138672
dataset/stnd/0867 1 0.0016601085662841797 24 9 1 0.15052461624145508 1 0.15052461624145508
dataset/stnd/0868 1 0.002132892608642578 40 11 1 0.15837621688842773 1 0.15837621688842773
dataset/stnd/0869 1 0.0019025802612304688 40 11 1 0.1426856517791748 1 0.1426856517791748
dataset/stnd/0870 1 0.0020084381103515625 48 11 1 0.15070486068725586 1 0.15070486068725586
dataset/stnd/0871 1 0.0019490718841552734 40 11 1 0.14226984977722168 1 0.14226984977722168
dataset/stnd/0872 1 0.0020105838775634766 48 11 1 0.14407896995544434 1 0.14407896995544434
dataset/stnd/0873 1 0.0016529560089111328 24 11 1 0.14342212677001953 1 0.14342212677001953
dataset/stnd/0874 1 0.0028138160705566406 40 11 1 0.14491033554077148 1 0.14491033554077148
dataset/stnd/0875 1 0.0017735958099365234 32 11 1 0.14181065559387207 1 0.14181065559387207
dataset/stnd/0876 1 0.0017979145050048828 32 11 1 0.14252090454101562 1 0.14252090454101562
dataset/stnd/0877 1 0.0017552375793457031 32 11 1 0.1489698886871338 1 0.1489698886871338
dataset/stnd/0878 1 0.0019497871398925781 48 11 1 0.13669133186340332 1 0.13669133186340332
dataset/stnd/0879 1 0.0016856193542480469 24 11 1 0.15012526512145996 1 0.15012526512145996
dataset/stnd/0880 1 0.0017213821411132812 32 11 1 0.1420881748199463 1 0.1420881748199463
dataset/stnd/0881 1 0.001760721206665039 32 13 1 0.14438343048095703 1 0.14438343048095703
dataset/stnd/0882 1 0.0027620792388916016 24 11 1 0.14305591583251953 1 0.14305591583251953
dataset/stnd/0883 1 0.00206756591796875 48 11 1 0.14504623413085938 1 0.14504623413085938
dataset/stnd/0884 1 0.0017960071563720703 32 13 1 0.14720749855041504 1 0.14720749855041504
dataset/stnd/0885 1 0.0024368762969970703 48 11 1 0.14262604713439941 1 0.14262604713439941
dataset/stnd/0886 1 0.0019404888153076172 48 11 1 0.148179292678833 1 0.148179292678833
dataset/stnd/0887 1 0.0016345977783203125 24 11 1 0.15207433700561523 1 0.15207433700561523
dataset/stnd/0888 1 0.001967906951904297 48 11 1 0.1441972255706787 1 0.1441972255706787
dataset/stnd/0889 1 0.0017442703247070312 32 11 1 0.14482879638671875 1 0.14482879638671875
dataset/stnd/0890 1 0.0019845962524414062 48 11 1 0.1443312168121338 1 0.1443312168121338
dataset/stnd/0891 1 0.0020112991333007812 48 11 1 0.14172720909118652 1 0.14172720909118652
dataset/stnd/0892 1 0.0018336772918701172 40 11 1 0.14809441566467285 1 0.14809441566467285
dataset/stnd/0893 1 0.0018105506896972656 40 11 1 0.13811349868774414 1 0.13811349868774414
dataset/stnd/0894 1 0.001798391342163086 32 11 1 0.14138150215148926 1 0.14138150215148926
dataset/stnd/0895 1 0.0019412040710449219 40 11 1 0.14700651168823242 1 0.14700651168823242
dataset/stnd/0896 1 0.0017669200897216797 32 11 1 0.1422719955444336 1 0.1422719955444336
dataset/stnd/0897 1 0.001623392105102539 24 9 1 0.14512920379638672 1 0.14512920379638672
dataset/stnd/0898 1 0.0023741722106933594 24 9 1 0.1461181640625 1 0.1461181640625
dataset/stnd/0899 1 0.0017514228820800781 32 11 1 0.14658260345458984 1 0.14658260345458984
dataset/stnd/0900 1 0.0022721290588378906 48 11 1 0.149003267288208 1 0.149003267288208
dataset/stnd/0901 1 0.0018813610076904297 48 11 1 0.14161992073059082 1 0.14161992073059082
dataset/stnd/0902 1 0.0016024112701416016 24 11 1 0.14847922325134277 1 0.14847922325134277
dataset/stnd/0903 1 0.0016543865203857422 24 9 1 0.14677906036376953 1 0.14677906036376953
dataset/stnd/0904 1 0.0019040107727050781 40 11 1 0.14262914657592773 1 0.14262914657592773
dataset/stnd/0905 1 0.0022835731506347656 48 11 1 0.14774060249328613 1 0.14774060249328613
dataset/stnd/0906 1 0.002888202667236328 40 11 1 0.15003180503845215 1 0.15003180503845215
dataset/stnd/0907 1 0.0019364356994628906 48 11 1 0.14502787590026855 1 0.14502787590026855
dataset/stnd/0908 1 0.0018794536590576172 40 11 1 0.14595746994018555 1 0.14595746994018555
dataset/stnd/0909 1 0.001750946044921875 32 11 1 0.1446850299835205 1 0.1446850299835205
dataset/stnd/0910 1 0.0020318031311035156 48 11 1 0.14623212814331055 1 0.14623212814331055
dataset/stnd/0911 1 0.0021190643310546875 48 11 1 0.141373872756958 1 0.141373872756958
dataset/stnd/0912 1 0.0018894672393798828 40 13 1 0.1447606086730957 1 0.1447606086730957
dataset/stnd/0913 1 0.0017430782318115234 32 11 1 0.1424856185913086 1 0.1424856185913086
dataset/stnd/0914 1 0.002632617950439453 48 11 1 0.14284133911132812 1 0.14284133911132812
dataset/stnd/0915 1 0.0016808509826660156 32 9 1 0.1434037685394287 1 0.1434037685394287
dataset/stnd/0916 1 0.0019180774688720703 48 11 1 0.14665937423706055 1 0.14665937423706055
dataset/stnd/0917 1 0.0018520355224609375 32 11 1 0.14374661445617676 1 0.14374661445617676
dataset/stnd/0918 1 0.0016486644744873047 24 11 1 0.14070892333984375 1 0.14070892333984375
dataset/stnd/0919 1 0.0016722679138183594 24 11 1 0.1458885669708252 1 0.1458885669708252
dataset/stnd/0920 1 0.0016639232635498047 32 11 1 0.14333868026733398 1 0.14333868026733398
dataset/stnd/0921 1 0.0019807815551757812 48 11 1 0.1426832675933838 1 0.1426832675933838
dataset/stnd/0922 1 0.001833200454711914 40 11 1 0.14898896217346191 1 0.14898896217346191
dataset/stnd/0923 1 0.0020017623901367188 48 11 1 0.14243769645690918 1 0.14243769645690918
dataset/stnd/0924 1 0.0019366741180419922 48 11 1 0.14449024200439453 1 0.14449024200439453
dataset/stnd/0925 1 0.0017642974853515625 24 11 1 0.14094328880310059 1 0.14094328880310059
dataset/stnd/0926 1 0.0017383098602294922 32 11 1 0.14574551582336426 1 0.14574551582336426
dataset/stnd/0927 1 0.001718759536743164 24 11 1 0.14566683769226074 1 0.14566683769226074
dataset/stnd/0928 1 0.0016827583312988281 24 11 1 0.15458059310913086 1 0.15458059310913086
dataset/stnd/0929 1 0.0017766952514648438 32 11 1 0.1398766040802002 1 0.1398766040802002
dataset/stnd/0930 1 0.0020105838775634766 48 11 1 0.14980483055114746 1 0.14980483055114746
dataset/stnd/0931 1 0.0018467903137207031 40 11 1 0.14202046394348145 1 0.14202046394348145
dataset/stnd/0932 1 0.001954317092895508 48 11 1 0.14753150939941406 1 0.14753150939941406
dataset/stnd/0933 1 0.001712799072265625 32 11 1 0.14747285842895508 1 0.14747285842895508
dataset/stnd/0934 1 0.0017821788787841797 24 11 1 0.14702725410461426 1 0.14702725410461426
dataset/stnd/0935 1 0.0018687248229980469 40 11 1 0.14597487449645996 1 0.14597487449645996
dataset/stnd/0936 1 0.0018494129180908203 40 11 1 0.1410975456237793 1 0.1410975456237793
dataset/stnd/0937 1 0.0020182132720947266 48 11 1 0.14214825630187988 1 0.14214825630187988
dataset/stnd/0938 1 0.002492666244506836 40 11 1 0.1350095272064209 1 0.1350095272064209
dataset/stnd/0939 1 0.0016934871673583984 24 11 1 0.1520223617553711 1 0.1520223617553711
dataset/stnd/0940 1 0.0018019676208496094 40 11 1 0.14201951026916504 1 0.14201951026916504
dataset/stnd/0941 1 0.002099752426147461 48 11 1 0.14115405082702637 1 0.14115405082702637
dataset/stnd/0942 1 0.001867055892944336 40 11 1 0.14990949630737305 1 0.14990949630737305
dataset/stnd/0943 1 0.0018076896667480469 40 11 1 0.1422264575958252 1 0.1422264575958252
dataset/stnd/0944 1 0.0016903877258300781 24 11 1 0.1429891586303711 1 0.1429891586303711
dataset/stnd/0945 1 0.0018334388732910156 40 11 1 0.14165234565734863 1 0.14165234565734863
dataset/stnd/0946 1 0.002306699752807617 24 11 1 0.14273738861083984 1 0.14273738861083984
dataset/stnd/0947 1 0.001848459243774414 40 11 1 0.14170551300048828 1 0.14170551300048828
dataset/stnd/0948 1 0.001970052719116211 40 11 1 0.14232921600341797 1 0.14232921600341797
dataset/stnd/0949 1 0.001934051513671875 48 11 1 0.15834665298461914 1 0.15834665298461914
dataset/stnd/0950 1 0.0016627311706542969 24 11 1 0.14545559883117676 1 0.14545559883117676
dataset/stnd/0951 1 0.001962900161743164 48 11 1 0.14110398292541504 1 0.14110398292541504
dataset/stnd/0952 1 0.0018684864044189453 40 11 1 0.14144086837768555 1 0.14144086837768555
dataset/stnd/0953 1 0.001720428466796875 32 11 1 0.14146113395690918 1 0.14146113395690918
dataset/stnd/0954 1 0.002773761749267578 48 11 1 0.16782355308532715 1 0.16782355308532715
dataset/stnd/0955 1 0.001615285873413086 24 9 1 0.14270710945129395 1 0.14270710945129395
dataset/stnd/0956 1 0.002069234848022461 48 11 1 0.14587664604187012 1 0.14587664604187012
dataset/stnd/0957 1 0.001880645751953125 40 11 1 0.14842891693115234 1 0.14842891693115234
dataset/stnd/0958 1 0.0017635822296142578 32 11 1 0.1412491798400879 1 0.1412491798400879
dataset/stnd/0959 1 0.0015947818756103516 24 9 1 0.14150714874267578 1 0.14150714874267578
dataset/stnd/0960 1 0.0016715526580810547 24 11 1 0.14453649520874023 1 0.14453649520874023
dataset/stnd/0961 1 0.0019979476928710938 40 9 1 0.14317560195922852 1 0.14317560195922852
dataset/stnd/0962 1 0.002588510513305664 24 11 1 0.14275598526000977 1 0.14275598526000977
dataset/stnd/0963 1 0.0017023086547851562 32 11 1 0.15541577339172363 1 0.15541577339172363
dataset/stnd/0964 1 0.001741170883178711 32 11 1 0.15088176727294922 1 0.15088176727294922
dataset/stnd/0965 1 0.001998424530029297 48 11 1 0.14465045928955078 1 0.14465045928955078
dataset/stnd/0966 1 0.0017523765563964844 32 11 1 0.14551210403442383 1 0.14551210403442383
dataset/stnd/0967 1 0.0016551017761230469 24 11 1 0.1468503475189209 1 0.1468503475189209
dataset/stnd/0968 1 0.0017342567443847656 32 11 1 0.15391898155212402 1 0.15391898155212402
dataset/stnd/0969 1 0.0016090869903564453 24 11 1 0.14776253700256348 1 0.14776253700256348
dataset/stnd/0970 1 0.001832723617553711 32 9 1 0.14605450630187988 1 0.14605450630187988
dataset/stnd/0971 1 0.0019462108612060547 40 11 1 0.14437413215637207 1 0.14437413215637207
dataset/stnd/0972 1 0.0015833377838134766 24 9 1 0.14519548416137695 1 0.14519548416137695
dataset/stnd/0973 1 0.001977682113647461 48 11 1 0.14376187324523926 1 0.14376187324523926
dataset/stnd/0974 1 0.002777576446533203 48 11 1 0.14656448364257812 1 0.14656448364257812
dataset/stnd/0975 1 0.0018198490142822266 40 11 1 0.14129161834716797 1 0.14129161834716797
dataset/stnd/0976 1 0.0017240047454833984 24 11 1 0.14440035820007324 1 0.14440035820007324
dataset/stnd/0977 1 0.0019483566284179688 48 11 1 0.1469881534576416 1 0.1469881534576416
dataset/stnd/0978 1 0.0016624927520751953 24 11 1 0.14467382431030273 1 0.14467382431030273
dataset/stnd/0979 1 0.001722097396850586 24 13 1 0.14104342460632324 1 0.14104342460632324
dataset/stnd/0980 1 0.002004861831665039 48 11 1 0.14967823028564453 1 0.14967823028564453
dataset/stnd/0981 1 0.002060413360595703 48 11 1 0.14650750160217285 1 0.14650750160217285
dataset/stnd/0982 1 0.0025949478149414062 32 11 1 0.13639402389526367 1 0.13639402389526367
dataset/stnd/0983 1 0.001781463623046875 32 11 1 0.1420145034790039 1 0.1420145034790039
dataset/stnd/0984 1 0.0017595291137695312 32 11 1 0.1495349407196045 1 0.1495349407196045
dataset/stnd/0985 1 0.001985311508178711 48 11 1 0.15601658821105957 1 0.15601658821105957
dataset/stnd/0986 1 0.0015916824340820312 24 11 1 0.14591526985168457 1 0.14591526985168457
dataset/stnd/0987 1 0.0019083023071289062 32 11 1 0.15320467948913574 1 0.15320467948913574
dataset/stnd/0988 1 0.0017592906951904297 32 11 1 0.14414024353027344 1 0.14414024353027344
dataset/stnd/0989 1 0.00200653076171875 40 11 1 0.13943958282470703 1 0.13943958282470703
dataset/stnd/0990 1 0.002986431121826172 48 11 1 0.1437690258026123 1 0.1437690258026123
dataset/stnd/0991 1 0.0017859935760498047 24 9 1 0.15070652961730957 1 0.15070652961730957
dataset/stnd/0992 1 0.0017120838165283203 40 9 1 0.14430785179138184 1 0.14430785179138184
dataset/stnd/0993 1 0.0018229484558105469 40 11 1 0.14609503746032715 1 0.14609503746032715
dataset/stnd/0994 1 0.0018162727355957031 40 9 1 0.14377450942993164 1 0.14377450942993164
dataset/stnd/0995 1 0.0018413066864013672 40 11 1 0.14989304542541504 1 0.14989304542541504
dataset/stnd/0996 1 0.0020411014556884766 48 11 1 0.14402389526367188 1 0.14402389526367188
dataset/stnd/0997 1 0.001781463623046875 32 11 1 0.14419841766357422 1 0.14419841766357422
dataset/stnd/0998 1 0.002756357192993164 40 13 1 0.14522647857666016 1 0.14522647857666016
dataset/stnd/0999 1 0.0016243457794189453 24 11 1 0.14674878120422363 1 0.14674878120422363
dataset/stnd/1000 1 0.0019960403442382812 48 11 1 0.14357614517211914 1 0.14357614517211914
