dataset/stnud/0001 1 0.0018117427825927734 30 9 1 0.14183783531188965 1 0.9143149852752686
dataset/stnud/0002 1 0.001764535903930664 36 9 1 0.14186334609985352 1 0.774965763092041
dataset/stnud/0003 1 0.0027387142181396484 18 9 1 0.14435648918151855 1 0.4556882381439209
dataset/stnud/0004 1 0.0019266605377197266 36 9 1 0.1414783000946045 1 0.8206155300140381
dataset/stnud/0005 1 0.0017435550689697266 36 9 1 0.14494824409484863 1 0.7068037986755371
dataset/stnud/0006 1 0.0018339157104492188 36 9 1 0.1487290859222412 1 0.5583169460296631
dataset/stnud/0007 1 0.0024306774139404297 24 9 1 0.150848388671875 1 0.48116374015808105
dataset/stnud/0008 1 0.0016796588897705078 30 9 1 0.14651727676391602 1 0.6379091739654541
dataset/stnud/0009 1 0.0018420219421386719 36 9 1 0.14819860458374023 1 0.6762468814849854
dataset/stnud/0010 1 0.0017993450164794922 36 9 1 0.14310550689697266 1 0.44865965843200684
dataset/stnud/0011 1 0.0017039775848388672 30 9 1 0.1530320644378662 1 0.509293794631958
dataset/stnud/0012 1 0.0018117427825927734 36 9 1 0.14330053329467773 1 0.8487234115600586
dataset/stnud/0013 1 0.0017592906951904297 36 9 1 0.14401865005493164 1 0.41051769256591797
dataset/stnud/0014 1 0.0018992424011230469 36 9 1 0.1420607566833496 1 0.6883220672607422
dataset/stnud/0015 1 0.0017995834350585938 36 9 1 0.1480109691619873 1 0.3849470615386963
dataset/stnud/0016 1 0.0019257068634033203 36 9 1 0.14389443397521973 1 0.556412935256958
dataset/stnud/0017 1 0.0018107891082763672 36 9 1 0.1432504653930664 1 0.6693234443664551
dataset/stnud/0018 1 0.0018351078033447266 36 9 1 0.14040803909301758 1 0.3991966247558594
dataset/stnud/0019 1 0.001800537109375 36 9 1 0.1491079330444336 1 0.7242660522460938
dataset/stnud/0020 1 0.001714944839477539 30 9 1 0.14692211151123047 1 0.5862627029418945
dataset/stnud/0021 1 0.0017328262329101562 36 9 1 0.14664673805236816 1 0.8334641456604004
dataset/stnud/0022 1 0.0017616748809814453 30 9 1 0.1362767219543457 1 1.708024263381958
dataset/stnud/0023 1 0.0017905235290527344 36 9 1 0.14728283882141113 1 0.4567751884460449
dataset/stnud/0024 1 0.001729726791381836 30 9 1 0.1471850872039795 1 0.536212682723999
dataset/stnud/0025 1 0.0017058849334716797 24 7 1 0.15221691131591797 1 0.33084750175476074
dataset/stnud/0026 1 0.001913309097290039 30 9 1 0.14589214324951172 1 1.6094584465026855
dataset/stnud/0027 1 0.0016720294952392578 24 9 1 0.14521265029907227 1 0.640265941619873
dataset/stnud/0028 1 0.0017557144165039062 36 9 1 0.14533352851867676 1 0.6234068870544434
dataset/stnud/0029 1 0.0017316341400146484 36 9 1 0.14214301109313965 1 0.6211612224578857
dataset/stnud/0030 1 0.002509593963623047 36 7 1 0.14610075950622559 1 0.4642364978790283
dataset/stnud/0031 1 0.001638650894165039 24 7 1 0.14660072326660156 1 0.568507194519043
dataset/stnud/0032 1 0.0016846656799316406 30 9 1 0.1495521068572998 1 0.5216646194458008
dataset/stnud/0033 1 0.0020189285278320312 30 9 1 0.14491653442382812 1 0.740654706954956
dataset/stnud/0034 1 0.0016694068908691406 24 9 1 0.14810657501220703 1 0.7213747501373291
dataset/stnud/0035 1 0.0015802383422851562 18 9 1 0.143690824508667 1 0.4996371269226074
dataset/stnud/0036 1 0.0019779205322265625 36 9 1 0.14013266563415527 1 0.6982638835906982
dataset/stnud/0037 1 0.0016932487487792969 24 9 1 0.14416790008544922 1 0.4819157123565674
dataset/stnud/0038 1 0.0018072128295898438 36 9 1 0.1443343162536621 1 0.5328536033630371
dataset/stnud/0039 1 0.0018093585968017578 36 9 1 0.15138530731201172 1 0.657437801361084
dataset/stnud/0040 1 0.001786947250366211 36 9 1 0.14220619201660156 1 0.5488028526306152
dataset/stnud/0041 1 0.0018868446350097656 24 9 1 0.14454388618469238 1 0.3221745491027832
dataset/stnud/0042 1 0.0015635490417480469 24 9 1 0.1450667381286621 1 0.577200174331665
dataset/stnud/0043 1 0.0015954971313476562 24 7 1 0.143265962600708 1 0.33959007263183594
dataset/stnud/0044 1 0.0016429424285888672 24 9 1 0.15924906730651855 1 0.35668134689331055
dataset/stnud/0045 1 0.0017516613006591797 24 11 1 0.1522693634033203 1 0.7238337993621826
dataset/stnud/0046 1 0.0016109943389892578 24 9 1 0.1427137851715088 1 0.5119550228118896
dataset/stnud/0047 1 0.0027391910552978516 36 9 1 0.14133667945861816 1 0.6421687602996826
dataset/stnud/0048 1 0.0016868114471435547 24 9 1 0.14627766609191895 1 0.8382058143615723
dataset/stnud/0049 1 0.001650094985961914 30 9 1 0.14561867713928223 1 0.3714332580566406
dataset/stnud/0050 1 0.001859903335571289 36 9 1 0.14200687408447266 1 0.6630222797393799
dataset/stnud/0051 1 0.0016913414001464844 30 7 1 0.14071416854858398 1 0.3282918930053711
dataset/stnud/0052 1 0.0016543865203857422 24 9 1 0.1409444808959961 1 0.43205809593200684
dataset/stnud/0053 1 0.0017366409301757812 24 7 1 0.14391469955444336 1 0.5662479400634766
dataset/stnud/0054 1 0.0015196800231933594 18 9 1 0.14342927932739258 1 0.46593546867370605
dataset/stnud/0055 1 0.0016150474548339844 24 9 1 0.14741086959838867 1 0.5222818851470947
dataset/stnud/0056 1 0.0019266605377197266 36 9 1 0.13794660568237305 1 0.6490788459777832
dataset/stnud/0057 1 0.0016815662384033203 24 9 1 0.14452123641967773 1 0.49131178855895996
dataset/stnud/0058 1 0.0016512870788574219 30 9 1 0.1451404094696045 1 0.485595703125
dataset/stnud/0059 1 0.0016834735870361328 24 9 1 0.1413729190826416 1 0.34418487548828125
dataset/stnud/0060 1 0.002834796905517578 36 9 1 0.14354181289672852 1 0.7728397846221924
dataset/stnud/0061 1 0.0016660690307617188 24 9 1 0.1498277187347412 1 0.5535364151000977
dataset/stnud/0062 1 0.001771688461303711 30 9 1 0.13628292083740234 1 0.4967224597930908
dataset/stnud/0063 1 0.0018448829650878906 24 7 1 0.14532876014709473 1 0.4469730854034424
dataset/stnud/0064 1 0.0017783641815185547 36 9 1 0.14336919784545898 1 0.6884031295776367
dataset/stnud/0065 1 0.0017168521881103516 30 9 1 0.1475539207458496 1 0.48041319847106934
dataset/stnud/0066 1 0.0017757415771484375 36 9 1 0.14537882804870605 1 0.8954143524169922
dataset/stnud/0067 1 0.0018019676208496094 36 9 1 0.14328813552856445 1 0.5690679550170898
dataset/stnud/0068 1 0.002879619598388672 36 9 1 0.14506840705871582 1 0.7918987274169922
dataset/stnud/0069 1 0.001895904541015625 30 9 1 0.14624810218811035 1 0.3930337429046631
dataset/stnud/0070 1 0.0016872882843017578 30 9 1 0.14153552055358887 1 0.566148042678833
dataset/stnud/0071 1 0.001804351806640625 36 9 1 0.1440432071685791 1 0.8875160217285156
dataset/stnud/0072 1 0.0024552345275878906 24 9 1 0.14432764053344727 1 0.3871583938598633
dataset/stnud/0073 1 0.0016970634460449219 30 9 1 0.14812779426574707 1 0.596771240234375
dataset/stnud/0074 1 0.0015213489532470703 18 7 1 0.15968799591064453 1 0.330920934677124
dataset/stnud/0075 1 0.0015790462493896484 18 7 1 0.14233160018920898 1 0.35515642166137695
dataset/stnud/0076 1 0.0017092227935791016 30 7 1 0.1402599811553955 1 0.3366062641143799
dataset/stnud/0077 1 0.002568960189819336 30 9 1 0.1425318717956543 1 0.878281831741333
dataset/stnud/0078 1 0.0015690326690673828 24 7 1 0.14752578735351562 1 0.39112114906311035
dataset/stnud/0079 1 0.0014748573303222656 18 7 1 0.14106965065002441 1 0.34278082847595215
dataset/stnud/0080 1 0.0017549991607666016 36 9 1 0.14509272575378418 1 0.8134970664978027
dataset/stnud/0081 1 0.0029439926147460938 36 9 1 0.14175939559936523 1 0.4829721450805664
dataset/stnud/0082 1 0.0015616416931152344 18 7 1 0.1416945457458496 1 0.39780426025390625
dataset/stnud/0083 1 0.0016603469848632812 30 9 1 0.14127206802368164 1 0.5090885162353516
dataset/stnud/0084 1 0.0015339851379394531 24 7 1 0.1420884132385254 1 0.2950916290283203
dataset/stnud/0085 1 0.001699686050415039 18 11 1 0.14876794815063477 1 0.722184419631958
dataset/stnud/0086 1 0.001665353775024414 24 7 1 0.14479422569274902 1 0.3229563236236572
dataset/stnud/0087 1 0.001954793930053711 36 9 1 0.14311909675598145 1 0.5771710872650146
dataset/stnud/0088 1 0.0017158985137939453 30 9 1 0.14525938034057617 1 0.566784143447876
dataset/stnud/0089 1 0.0016698837280273438 30 9 1 0.14613080024719238 1 0.6142518520355225
dataset/stnud/0090 1 0.001878976821899414 36 9 1 0.14386320114135742 1 0.8865213394165039
dataset/stnud/0091 1 0.0017495155334472656 30 9 1 0.14496898651123047 1 0.5365126132965088
dataset/stnud/0092 1 0.0017476081848144531 36 7 1 0.1414039134979248 1 0.3322443962097168
dataset/stnud/0093 1 0.0018184185028076172 36 9 1 0.14443731307983398 1 0.398465633392334
dataset/stnud/0094 1 0.0017702579498291016 36 9 1 0.1429433822631836 1 0.7681384086608887
dataset/stnud/0095 1 0.001779794692993164 36 9 1 0.15602636337280273 1 0.8902449607849121
dataset/stnud/0096 1 0.0018115043640136719 36 9 1 0.13455653190612793 1 0.6637742519378662
dataset/stnud/0097 1 0.0015170574188232422 18 7 1 0.14255952835083008 1 0.33693623542785645
dataset/stnud/0098 1 0.001791238784790039 30 9 1 0.14552664756774902 1 0.8314263820648193
dataset/stnud/0099 1 0.0016319751739501953 30 7 1 0.14741826057434082 1 0.40199756622314453
dataset/stnud/0100 1 0.0015685558319091797 18 9 1 0.14435291290283203 1 0.305253267288208
dataset/stnud/0101 1 0.0014553070068359375 18 7 1 0.14296793937683105 1 0.2921473979949951
dataset/stnud/0102 1 0.0016107559204101562 18 7 1 0.14018893241882324 1 0.33069801330566406
dataset/stnud/0103 1 0.002809762954711914 30 9 1 0.16292452812194824 1 0.4343430995941162
dataset/stnud/0104 1 0.0017805099487304688 30 9 1 0.1394486427307129 1 0.36354947090148926
dataset/stnud/0105 1 0.001760721206665039 30 9 1 0.14079070091247559 1 0.5772273540496826
dataset/stnud/0106 1 0.0016126632690429688 24 9 1 0.14225459098815918 1 0.39776086807250977
dataset/stnud/0107 1 0.0017390251159667969 30 11 1 0.14486408233642578 1 0.9907684326171875
dataset/stnud/0108 1 0.001537322998046875 24 7 1 0.15188050270080566 1 0.45736098289489746
dataset/stnud/0109 1 0.00191497802734375 36 9 1 0.14607572555541992 1 0.8196344375610352
dataset/stnud/0110 1 0.0017757415771484375 36 9 1 0.14374351501464844 1 0.8146729469299316
dataset/stnud/0111 1 0.0025603771209716797 24 9 1 0.14418506622314453 1 0.4433889389038086
dataset/stnud/0112 1 0.0016217231750488281 30 9 1 0.14804720878601074 1 0.37714099884033203
dataset/stnud/0113 1 0.0017306804656982422 30 9 1 0.14542412757873535 1 0.8013384342193604
dataset/stnud/0114 1 0.0017037391662597656 24 9 1 0.14840149879455566 1 0.4554755687713623
dataset/stnud/0115 1 0.0015821456909179688 24 7 1 0.1453266143798828 1 0.5301487445831299
dataset/stnud/0116 1 0.0018491744995117188 36 9 1 0.14789557456970215 1 0.7729249000549316
dataset/stnud/0117 1 0.001558542251586914 24 9 1 0.15279293060302734 1 0.3440423011779785
dataset/stnud/0118 1 0.0018143653869628906 36 9 1 0.140183687210083 1 0.4764404296875
dataset/stnud/0119 1 0.0014986991882324219 18 7 1 0.14307880401611328 1 0.291196346282959
dataset/stnud/0120 1 0.001619100570678711 30 9 1 0.14091157913208008 1 0.45194244384765625
dataset/stnud/0121 1 0.0016634464263916016 30 11 1 0.15039587020874023 1 0.743889570236206
dataset/stnud/0122 1 0.0017964839935302734 36 9 1 0.1448216438293457 1 0.8698194026947021
dataset/stnud/0123 1 0.001689910888671875 30 7 1 0.1465167999267578 1 0.29573822021484375
dataset/stnud/0124 1 0.0018100738525390625 36 9 1 0.14554405212402344 1 0.5055210590362549
dataset/stnud/0125 1 0.0017249584197998047 30 7 1 0.1399221420288086 1 0.44744062423706055
dataset/stnud/0126 1 0.0017192363739013672 36 9 1 0.14610815048217773 1 0.492140531539917
dataset/stnud/0127 1 0.0015721321105957031 24 9 1 0.1457667350769043 1 0.6387991905212402
dataset/stnud/0128 1 0.0016188621520996094 24 9 1 0.1530752182006836 1 0.5572466850280762
dataset/stnud/0129 1 0.0018503665924072266 36 9 1 0.1448981761932373 1 0.599198579788208
dataset/stnud/0130 1 0.001804351806640625 36 9 1 0.14739608764648438 1 0.5935153961181641
dataset/stnud/0131 1 0.0017523765563964844 30 9 1 0.15344715118408203 1 0.7384073734283447
dataset/stnud/0132 1 0.0016884803771972656 30 9 1 0.14651203155517578 1 0.6074674129486084
dataset/stnud/0133 1 0.0018193721771240234 36 9 1 0.14263105392456055 1 0.7768490314483643
dataset/stnud/0134 1 0.0016286373138427734 30 9 1 0.14098262786865234 1 0.48984503746032715
dataset/stnud/0135 1 0.001863718032836914 30 9 1 0.14182305335998535 1 0.5269436836242676
dataset/stnud/0136 1 0.001833200454711914 36 9 1 0.14156198501586914 1 0.8383152484893799
dataset/stnud/0137 1 0.0025856494903564453 18 7 1 0.13788866996765137 1 0.33645081520080566
dataset/stnud/0138 1 0.001588582992553711 18 9 1 0.16438674926757812 1 0.43250513076782227
dataset/stnud/0139 1 0.001758575439453125 36 9 1 0.14372825622558594 1 0.6158711910247803
dataset/stnud/0140 1 0.001703500747680664 36 9 1 0.14371681213378906 1 0.3757498264312744
dataset/stnud/0141 1 0.001573801040649414 18 7 1 0.1403026580810547 1 0.28891682624816895
dataset/stnud/0142 1 0.002773284912109375 30 9 1 0.15239262580871582 1 1.7247731685638428
dataset/stnud/0143 1 0.0016396045684814453 24 9 1 0.147963285446167 1 0.42838525772094727
dataset/stnud/0144 1 0.0015475749969482422 18 9 1 0.1463940143585205 1 0.3317251205444336
dataset/stnud/0145 1 0.0018475055694580078 36 9 1 0.1483166217803955 1 0.7033407688140869
dataset/stnud/0146 1 0.0016846656799316406 30 9 1 0.14231371879577637 1 0.661062479019165
dataset/stnud/0147 1 0.0017240047454833984 30 9 1 0.1479337215423584 1 0.6235735416412354
dataset/stnud/0148 1 0.0015926361083984375 24 9 1 0.1482679843902588 1 0.47382688522338867
dataset/stnud/0149 1 0.0016713142395019531 30 9 1 0.14631295204162598 1 0.40791749954223633
dataset/stnud/0150 1 0.001744985580444336 30 9 1 0.14702749252319336 1 0.8130025863647461
dataset/stnud/0151 1 0.0017116069793701172 36 9 1 0.1525440216064453 1 0.36365365982055664
dataset/stnud/0152 1 0.0016512870788574219 24 9 1 0.14492440223693848 1 0.592644453048706
dataset/stnud/0153 1 0.0017476081848144531 36 7 1 0.14174532890319824 1 0.3579835891723633
dataset/stnud/0154 1 0.0019769668579101562 36 9 1 0.1438305377960205 1 0.7841341495513916
dataset/stnud/0155 1 0.0017194747924804688 30 9 1 0.15080690383911133 1 0.522714376449585
dataset/stnud/0156 1 0.001627206802368164 24 7 1 0.14675188064575195 1 0.29469871520996094
dataset/stnud/0157 1 0.001756906509399414 30 9 1 0.14432001113891602 1 0.7919826507568359
dataset/stnud/0158 1 0.002534627914428711 24 7 1 0.14178156852722168 1 0.5069422721862793
dataset/stnud/0159 1 0.0017876625061035156 30 9 1 0.1434323787689209 1 0.817685604095459
dataset/stnud/0160 1 0.0016875267028808594 18 7 1 0.14105510711669922 1 0.2811455726623535
dataset/stnud/0161 1 0.001837015151977539 36 9 1 0.14211606979370117 1 0.6028587818145752
dataset/stnud/0162 1 0.0014755725860595703 18 7 1 0.14145994186401367 1 0.5650722980499268
dataset/stnud/0163 1 0.0017545223236083984 36 9 1 0.14812183380126953 1 0.42894816398620605
dataset/stnud/0164 1 0.0016863346099853516 24 7 1 0.1416022777557373 1 0.34044528007507324
dataset/stnud/0165 1 0.00177764892578125 36 9 1 0.14103937149047852 1 0.4821910858154297
dataset/stnud/0166 1 0.0017080307006835938 36 7 1 0.14894914627075195 1 0.45996689796447754
dataset/stnud/0167 1 0.0028786659240722656 30 9 1 0.14225506782531738 1 0.5274789333343506
dataset/stnud/0168 1 0.0015540122985839844 18 7 1 0.14487099647521973 1 0.28641772270202637
dataset/stnud/0169 1 0.0017724037170410156 30 9 1 0.15158534049987793 1 0.7272658348083496
dataset/stnud/0170 1 0.0018188953399658203 36 9 1 0.13634395599365234 1 2.427269458770752
dataset/stnud/0171 1 0.0015561580657958984 18 9 1 0.1477808952331543 1 0.6665270328521729
dataset/stnud/0172 1 0.0016973018646240234 30 9 1 0.14298105239868164 1 0.559044599533081
dataset/stnud/0173 1 0.0017554759979248047 30 7 1 0.14507365226745605 1 0.3122673034667969
dataset/stnud/0174 1 0.0017175674438476562 30 7 1 0.14155364036560059 1 0.4855079650878906
dataset/stnud/0175 1 0.0015900135040283203 24 9 1 0.14273381233215332 1 0.5196220874786377
dataset/stnud/0176 1 0.0016658306121826172 30 9 1 0.14711260795593262 1 0.40577030181884766
dataset/stnud/0177 1 0.0015919208526611328 18 7 1 0.1456460952758789 1 0.30738377571105957
dataset/stnud/0178 1 0.0017762184143066406 36 9 1 0.142409086227417 1 0.7848756313323975
dataset/stnud/0179 1 0.0014650821685791016 18 7 1 0.15667510032653809 1 0.26078081130981445
dataset/stnud/0180 1 0.0017688274383544922 36 7 1 0.15764379501342773 1 0.4905846118927002
dataset/stnud/0181 1 0.001936197280883789 36 9 1 0.15099287033081055 1 0.7065961360931396
dataset/stnud/0182 1 0.0016930103302001953 30 9 1 0.1434175968170166 1 0.5606975555419922
dataset/stnud/0183 1 0.001753091812133789 36 9 1 0.14258503913879395 1 0.734968900680542
dataset/stnud/0184 1 0.0017468929290771484 30 9 1 0.1500253677368164 1 0.46308350563049316
dataset/stnud/0185 1 0.0017426013946533203 36 9 1 0.14563632011413574 1 1.2308294773101807
dataset/stnud/0186 1 0.0016202926635742188 24 9 1 0.14806056022644043 1 0.479567289352417
dataset/stnud/0187 1 0.0015594959259033203 18 9 1 0.1750938892364502 1 0.4942958354949951
dataset/stnud/0188 1 0.0016510486602783203 30 9 1 0.14522004127502441 1 1.0848877429962158
dataset/stnud/0189 1 0.0018286705017089844 36 9 1 0.1447124481201172 1 0.5422048568725586
dataset/stnud/0190 1 0.0016787052154541016 30 9 1 0.14554691314697266 1 0.5283057689666748
dataset/stnud/0191 1 0.0017852783203125 36 9 1 0.14264988899230957 1 0.5734293460845947
dataset/stnud/0192 1 0.0017285346984863281 30 9 1 0.143110990524292 1 0.42874860763549805
dataset/stnud/0193 1 0.0018718242645263672 36 9 1 0.14087247848510742 1 0.6032476425170898
dataset/stnud/0194 1 0.0017576217651367188 30 7 1 0.14874839782714844 1 0.32952094078063965
dataset/stnud/0195 1 0.0016291141510009766 24 7 1 0.14429569244384766 1 0.44744062423706055
dataset/stnud/0196 1 0.0019271373748779297 36 9 1 0.14226102828979492 1 0.5605759620666504
dataset/stnud/0197 1 0.0016255378723144531 24 9 1 0.15205621719360352 1 0.4154226779937744
dataset/stnud/0198 1 0.0017209053039550781 36 7 1 0.16618108749389648 1 0.35727477073669434
dataset/stnud/0199 1 0.0018482208251953125 30 9 1 0.14035844802856445 1 0.5888209342956543
dataset/stnud/0200 1 0.0018239021301269531 36 9 1 0.14433956146240234 1 0.570690393447876
dataset/stnud/0201 1 0.0016663074493408203 18 9 1 0.14539361000061035 1 0.467451810836792
dataset/stnud/0202 1 0.0018477439880371094 36 9 1 0.14551186561584473 1 0.37006568908691406
dataset/stnud/0203 1 0.00176239013671875 30 9 1 0.14344453811645508 1 0.3095259666442871
dataset/stnud/0204 1 0.0017421245574951172 24 7 1 0.14154720306396484 1 0.28517842292785645
dataset/stnud/0205 1 0.0016481876373291016 24 9 1 0.14127349853515625 1 0.45311665534973145
dataset/stnud/0206 1 0.0016412734985351562 24 9 1 0.15034914016723633 1 0.634788990020752
dataset/stnud/0207 1 0.0016291141510009766 24 7 1 0.13627982139587402 1 0.2840867042541504
dataset/stnud/0208 1 0.0016143321990966797 24 9 1 0.1458268165588379 1 0.8015809059143066
dataset/stnud/0209 1 0.0016353130340576172 24 7 1 0.15295791625976562 1 0.5504868030548096
dataset/stnud/0210 1 0.0017423629760742188 30 7 1 0.14006400108337402 1 0.34589052200317383
dataset/stnud/0211 1 0.0017521381378173828 30 9 1 0.14737868309020996 1 0.49262261390686035
dataset/stnud/0212 1 0.0016231536865234375 24 9 1 0.14480352401733398 1 0.3914945125579834
dataset/stnud/0213 1 0.0023412704467773438 18 9 1 0.1454603672027588 1 0.3801257610321045
dataset/stnud/0214 1 0.0017590522766113281 36 9 1 0.14078927040100098 1 0.37465882301330566
dataset/stnud/0215 1 0.0018825531005859375 36 9 1 0.14878559112548828 1 0.692737340927124
dataset/stnud/0216 1 0.0017826557159423828 30 13 1 0.14690160751342773 1 0.6353030204772949
dataset/stnud/0217 1 0.0018274784088134766 36 9 1 0.14693808555603027 1 0.5300390720367432
dataset/stnud/0218 1 0.001786947250366211 36 9 1 0.16187000274658203 1 0.6129093170166016
dataset/stnud/0219 1 0.0019485950469970703 36 9 1 0.13904309272766113 1 0.6029963493347168
dataset/stnud/0220 1 0.0016715526580810547 24 9 1 0.14577603340148926 1 0.6648049354553223
dataset/stnud/0221 1 0.0015532970428466797 18 5 1 0.15540528297424316 1 0.26134753227233887
dataset/stnud/0222 1 0.0015969276428222656 24 7 1 0.14183807373046875 1 0.3512849807739258
dataset/stnud/0223 1 0.0015933513641357422 24 7 1 0.1463775634765625 1 0.5361220836639404
dataset/stnud/0224 1 0.0016131401062011719 18 9 1 0.14368438720703125 1 0.2959325313568115
dataset/stnud/0225 1 0.001543283462524414 18 9 1 0.1446540355682373 1 0.5644724369049072
dataset/stnud/0226 1 0.0017855167388916016 36 9 1 0.14190149307250977 1 0.944291353225708
dataset/stnud/0227 1 0.0018007755279541016 36 9 1 0.14488649368286133 1 0.7621204853057861
dataset/stnud/0228 1 0.0017125606536865234 30 9 1 0.14753413200378418 1 0.7471799850463867
dataset/stnud/0229 1 0.0017561912536621094 36 9 1 0.1447606086730957 1 0.5433030128479004
dataset/stnud/0230 1 0.0016474723815917969 30 7 1 0.14091897010803223 1 0.2718489170074463
dataset/stnud/0231 1 0.0017056465148925781 30 9 1 0.14363813400268555 1 0.5942885875701904
dataset/stnud/0232 1 0.001909017562866211 36 9 1 0.14467954635620117 1 0.5906217098236084
dataset/stnud/0233 1 0.001505136489868164 18 7 1 0.14483094215393066 1 0.3000333309173584
dataset/stnud/0234 1 0.0016827583312988281 24 9 1 0.1429758071899414 1 0.4700629711151123
dataset/stnud/0235 1 0.0016393661499023438 24 9 1 0.14445805549621582 1 0.6383390426635742
dataset/stnud/0236 1 0.002935171127319336 36 9 1 0.14714574813842773 1 0.7317254543304443
dataset/stnud/0237 1 0.0016276836395263672 24 9 1 0.14491939544677734 1 0.6346831321716309
dataset/stnud/0238 1 0.0017559528350830078 30 9 1 0.14451313018798828 1 0.7250909805297852
dataset/stnud/0239 1 0.00170135498046875 30 9 1 0.14533400535583496 1 0.3429889678955078
dataset/stnud/0240 1 0.0026619434356689453 30 9 1 0.14532685279846191 1 0.6292705535888672
dataset/stnud/0241 1 0.0019428730010986328 30 9 1 0.14280080795288086 1 0.4626007080078125
dataset/stnud/0242 1 0.0017998218536376953 36 9 1 0.14656281471252441 1 0.9741401672363281
dataset/stnud/0243 1 0.0017533302307128906 36 9 1 0.14397478103637695 1 0.7431488037109375
dataset/stnud/0244 1 0.0029120445251464844 36 9 1 0.13926100730895996 1 0.5161669254302979
dataset/stnud/0245 1 0.0017707347869873047 30 9 1 0.145798921585083 1 0.6960234642028809
dataset/stnud/0246 1 0.0016303062438964844 30 7 1 0.14117026329040527 1 0.3495328426361084
dataset/stnud/0247 1 0.001705169677734375 30 9 1 0.1384127140045166 1 0.3332650661468506
dataset/stnud/0248 1 0.0016827583312988281 18 9 1 0.14597868919372559 1 0.29375219345092773
dataset/stnud/0249 1 0.0016376972198486328 30 9 1 0.14515018463134766 1 0.35891008377075195
dataset/stnud/0250 1 0.0017230510711669922 30 9 1 0.14411449432373047 1 0.6146163940429688
dataset/stnud/0251 1 0.0015246868133544922 18 9 1 0.14577341079711914 1 0.3972189426422119
dataset/stnud/0252 1 0.0017709732055664062 36 9 1 0.13800835609436035 1 0.7234907150268555
dataset/stnud/0253 1 0.0017015933990478516 24 9 1 0.14878368377685547 1 0.6263570785522461
dataset/stnud/0254 1 0.0018572807312011719 36 9 1 0.15360784530639648 1 0.7770419120788574
dataset/stnud/0255 1 0.0016336441040039062 30 7 1 0.1478428840637207 1 0.31682896614074707
dataset/stnud/0256 1 0.001653909683227539 30 7 1 0.14649510383605957 1 0.4837656021118164
dataset/stnud/0257 1 0.0017116069793701172 30 7 1 0.1466512680053711 1 0.4598197937011719
dataset/stnud/0258 1 0.001688241958618164 24 9 1 0.14227914810180664 1 0.67812180519104
dataset/stnud/0259 1 0.0017817020416259766 36 9 1 0.15433120727539062 1 0.7218973636627197
dataset/stnud/0260 1 0.001857757568359375 36 9 1 0.1455836296081543 1 0.6100928783416748
dataset/stnud/0261 1 0.001712799072265625 24 9 1 0.14424753189086914 1 0.6165561676025391
dataset/stnud/0262 1 0.0015239715576171875 18 7 1 0.14415264129638672 1 0.288175106048584
dataset/stnud/0263 1 0.00162506103515625 30 9 1 0.14164161682128906 1 0.513085126876831
dataset/stnud/0264 1 0.001756906509399414 30 9 1 0.14201617240905762 1 0.6517136096954346
dataset/stnud/0265 1 0.0016713142395019531 30 9 1 0.1420450210571289 1 0.5088362693786621
dataset/stnud/0266 1 0.002767801284790039 30 9 1 0.13847565650939941 1 0.6802260875701904
dataset/stnud/0267 1 0.0015709400177001953 18 7 1 0.14290189743041992 1 0.33025693893432617
dataset/stnud/0268 1 0.0017702579498291016 36 7 1 0.14413881301879883 1 0.40744948387145996
dataset/stnud/0269 1 0.00177764892578125 30 9 1 0.142441987991333 1 0.45604801177978516
dataset/stnud/0270 1 0.0018007755279541016 36 9 1 0.14382648468017578 1 0.7353603839874268
dataset/stnud/0271 1 0.0017364025115966797 30 9 1 0.1418919563293457 1 0.7118785381317139
dataset/stnud/0272 1 0.0017023086547851562 30 7 1 0.13960742950439453 1 0.6385679244995117
dataset/stnud/0273 1 0.0017800331115722656 36 9 1 0.14159059524536133 1 0.6204502582550049
dataset/stnud/0274 1 0.0016760826110839844 30 9 1 0.14318323135375977 1 0.794278621673584
dataset/stnud/0275 1 0.0016796588897705078 30 9 1 0.14528179168701172 1 0.3635289669036865
dataset/stnud/0276 1 0.00165557861328125 24 9 1 0.14409685134887695 1 0.5170438289642334
dataset/stnud/0277 1 0.0017364025115966797 30 9 1 0.1569969654083252 1 0.528843879699707
dataset/stnud/0278 1 0.0018122196197509766 30 9 1 0.1535344123840332 1 0.6150367259979248
dataset/stnud/0279 1 0.0017693042755126953 36 9 1 0.1443619728088379 1 0.45513200759887695
dataset/stnud/0280 1 0.0017654895782470703 30 9 1 0.14695525169372559 1 0.7313423156738281
dataset/stnud/0281 1 0.001821279525756836 36 9 1 0.1417398452758789 1 1.2070841789245605
dataset/stnud/0282 1 0.002933979034423828 30 9 1 0.14356732368469238 1 0.39336490631103516
dataset/stnud/0283 1 0.0016417503356933594 24 7 1 0.143660306930542 1 0.4347114562988281
dataset/stnud/0284 1 0.0016973018646240234 30 9 1 0.14459228515625 1 0.5051941871643066
dataset/stnud/0285 1 0.0018124580383300781 36 9 1 0.14349102973937988 1 0.45017433166503906
dataset/stnud/0286 1 0.001798391342163086 36 9 1 0.14638161659240723 1 0.4748513698577881
dataset/stnud/0287 1 0.0015780925750732422 24 9 1 0.15874576568603516 1 0.37241268157958984
dataset/stnud/0288 1 0.0018999576568603516 30 9 1 0.1431870460510254 1 0.4706084728240967
dataset/stnud/0289 1 0.001725912094116211 30 9 1 0.14356350898742676 1 0.5835850238800049
dataset/stnud/0290 1 0.0016238689422607422 24 7 1 0.13503479957580566 1 0.4458749294281006
dataset/stnud/0291 1 0.0029273033142089844 36 9 1 0.1441059112548828 1 0.7442607879638672
dataset/stnud/0292 1 0.0016355514526367188 24 9 1 0.15224313735961914 1 0.7399883270263672
dataset/stnud/0293 1 0.0018885135650634766 36 7 1 0.14411234855651855 1 0.4573240280151367
dataset/stnud/0294 1 0.0018486976623535156 36 11 1 0.1424267292022705 1 0.39309239387512207
dataset/stnud/0295 1 0.0016908645629882812 30 9 1 0.14196038246154785 1 0.5054352283477783
dataset/stnud/0296 1 0.0017704963684082031 30 9 1 0.14240574836730957 1 0.7357141971588135
dataset/stnud/0297 1 0.0018761157989501953 36 11 1 0.13616633415222168 1 0.7913813591003418
dataset/stnud/0298 1 0.001730203628540039 30 9 1 0.14811325073242188 1 0.7364084720611572
dataset/stnud/0299 1 0.002752065658569336 36 9 1 0.14878368377685547 1 0.942861795425415
dataset/stnud/0300 1 0.0016138553619384766 18 9 1 0.1464064121246338 1 0.5360813140869141
dataset/stnud/0301 1 0.0016329288482666016 30 9 1 0.14518451690673828 1 0.3055884838104248
dataset/stnud/0302 1 0.0017354488372802734 30 9 1 0.15276360511779785 1 0.4297349452972412
dataset/stnud/0303 1 0.0018146038055419922 36 9 1 0.14629006385803223 1 0.6253817081451416
dataset/stnud/0304 1 0.0016984939575195312 30 9 1 0.1506977081298828 1 0.9313430786132812
dataset/stnud/0305 1 0.0015621185302734375 18 7 1 0.16115450859069824 1 0.2844090461730957
dataset/stnud/0306 1 0.001650094985961914 30 9 1 0.1427602767944336 1 0.5553195476531982
dataset/stnud/0307 1 0.0018258094787597656 36 9 1 0.14702391624450684 1 0.7017252445220947
dataset/stnud/0308 1 0.0017087459564208984 30 9 1 0.15154409408569336 1 0.4022841453552246
dataset/stnud/0309 1 0.0016751289367675781 24 9 1 0.14528369903564453 1 0.5197708606719971
dataset/stnud/0310 1 0.0016407966613769531 18 9 1 0.14533090591430664 1 0.4685225486755371
dataset/stnud/0311 1 0.0016629695892333984 30 7 1 0.14234590530395508 1 0.3391609191894531
dataset/stnud/0312 1 0.0018463134765625 36 9 1 0.14040923118591309 1 0.7833402156829834
dataset/stnud/0313 1 0.0018718242645263672 36 9 1 0.14405012130737305 1 0.6234331130981445
dataset/stnud/0314 1 0.0016589164733886719 24 9 1 0.14572525024414062 1 0.4671003818511963
dataset/stnud/0315 1 0.0017895698547363281 36 7 1 0.14167380332946777 1 0.46959996223449707
dataset/stnud/0316 1 0.0018107891082763672 36 9 1 0.14219188690185547 1 0.4849574565887451
dataset/stnud/0317 1 0.0017337799072265625 30 9 1 0.15050792694091797 1 0.37850189208984375
dataset/stnud/0318 1 0.0018050670623779297 36 9 1 0.14283156394958496 1 0.6668369770050049
dataset/stnud/0319 1 0.0017447471618652344 30 9 1 0.14888238906860352 1 0.651050329208374
dataset/stnud/0320 1 0.0029058456420898438 36 9 1 0.14430642127990723 1 0.7610585689544678
dataset/stnud/0321 1 0.001827239990234375 36 9 1 0.14500141143798828 1 0.8063619136810303
dataset/stnud/0322 1 0.0018317699432373047 36 9 1 0.14500784873962402 1 0.45081162452697754
dataset/stnud/0323 1 0.0018219947814941406 36 9 1 0.14443135261535645 1 0.7948024272918701
dataset/stnud/0324 1 0.0017895698547363281 30 9 1 0.15459990501403809 1 0.785862922668457
dataset/stnud/0325 1 0.0019829273223876953 36 9 1 0.14533162117004395 1 0.6143965721130371
dataset/stnud/0326 1 0.0018651485443115234 36 11 1 0.1425158977508545 1 0.5312161445617676
dataset/stnud/0327 1 0.001651763916015625 24 7 1 0.14424800872802734 1 0.32785534858703613
dataset/stnud/0328 1 0.0016906261444091797 36 7 1 0.1383056640625 1 0.3318784236907959
dataset/stnud/0329 1 0.0018155574798583984 36 9 1 0.14400315284729004 1 0.4984400272369385
dataset/stnud/0330 1 0.0017228126525878906 30 9 1 0.14974546432495117 1 0.4935343265533447
dataset/stnud/0331 1 0.0017185211181640625 30 9 1 0.14943552017211914 1 0.8976294994354248
dataset/stnud/0332 1 0.0017528533935546875 30 9 1 0.14577484130859375 1 0.694544792175293
dataset/stnud/0333 1 0.0018541812896728516 36 9 1 0.14342355728149414 1 0.8698673248291016
dataset/stnud/0334 1 0.001987934112548828 30 9 1 0.13508152961730957 1 0.38133788108825684
dataset/stnud/0335 1 0.0016543865203857422 24 9 1 0.1530470848083496 1 0.569697380065918
dataset/stnud/0336 1 0.0016002655029296875 24 9 1 0.14254546165466309 1 0.5968368053436279
dataset/stnud/0337 1 0.0018298625946044922 36 9 1 0.1599259376525879 1 0.6141049861907959
dataset/stnud/0338 1 0.0018880367279052734 36 9 1 0.14258098602294922 1 0.4165794849395752
dataset/stnud/0339 1 0.001726388931274414 24 7 1 0.14156651496887207 1 0.27848196029663086
dataset/stnud/0340 1 0.0016736984252929688 30 9 1 0.14127063751220703 1 0.4295334815979004
dataset/stnud/0341 1 0.0026514530181884766 30 9 1 0.1427602767944336 1 0.9252614974975586
dataset/stnud/0342 1 0.0018684864044189453 36 9 1 0.14638376235961914 1 0.73203444480896
dataset/stnud/0343 1 0.0017807483673095703 30 9 1 0.14617180824279785 1 0.4602208137512207
dataset/stnud/0344 1 0.0019237995147705078 36 7 1 0.14367294311523438 1 0.3388516902923584
dataset/stnud/0345 1 0.002814769744873047 36 9 1 0.14795899391174316 1 0.8424332141876221
dataset/stnud/0346 1 0.0015323162078857422 18 7 1 0.14902853965759277 1 0.33191633224487305
dataset/stnud/0347 1 0.0018112659454345703 24 7 1 0.14151430130004883 1 0.3116302490234375
dataset/stnud/0348 1 0.0018057823181152344 36 9 1 0.14311623573303223 1 0.35836291313171387
dataset/stnud/0349 1 0.001680612564086914 30 9 1 0.14103150367736816 1 0.3678591251373291
dataset/stnud/0350 1 0.0018279552459716797 36 9 1 0.1382129192352295 1 0.8126616477966309
dataset/stnud/0351 1 0.001560211181640625 24 9 1 0.14537668228149414 1 0.34986090660095215
dataset/stnud/0352 1 0.0017771720886230469 36 9 1 0.1441478729248047 1 0.7788162231445312
dataset/stnud/0353 1 0.0016722679138183594 24 9 1 0.1388094425201416 1 0.42232799530029297
dataset/stnud/0354 1 0.0017566680908203125 30 9 1 0.14472436904907227 1 0.5645637512207031
dataset/stnud/0355 1 0.001750946044921875 30 9 1 0.14425420761108398 1 0.3666567802429199
dataset/stnud/0356 1 0.0018153190612792969 36 9 1 0.1493535041809082 1 0.6876010894775391
dataset/stnud/0357 1 0.002010822296142578 30 9 1 0.15262722969055176 1 0.5266764163970947
dataset/stnud/0358 1 0.0018506050109863281 36 9 1 0.14582443237304688 1 0.642737627029419
dataset/stnud/0359 1 0.0018146038055419922 36 9 1 0.13886594772338867 1 0.47155332565307617
dataset/stnud/0360 1 0.0020101070404052734 36 9 1 0.13740277290344238 1 0.43053579330444336
dataset/stnud/0361 1 0.00153350830078125 18 7 1 0.15185546875 1 0.29692792892456055
dataset/stnud/0362 1 0.0017664432525634766 30 9 1 0.14272284507751465 1 0.6043179035186768
dataset/stnud/0363 1 0.0018000602722167969 36 9 1 0.14063620567321777 1 0.47658395767211914
dataset/stnud/0364 1 0.0016896724700927734 30 9 1 0.1512162685394287 1 0.5169909000396729
dataset/stnud/0365 1 0.0016078948974609375 24 7 1 0.14284324645996094 1 0.3468918800354004
dataset/stnud/0366 1 0.0019032955169677734 36 9 1 0.14864540100097656 1 1.192814826965332
dataset/stnud/0367 1 0.0017251968383789062 30 9 1 0.1520843505859375 1 0.45604896545410156
dataset/stnud/0368 1 0.0018372535705566406 36 9 1 0.14760708808898926 1 0.7214694023132324
dataset/stnud/0369 1 0.0018439292907714844 36 9 1 0.14245915412902832 1 0.7328188419342041
dataset/stnud/0370 1 0.0017046928405761719 30 9 1 0.15240049362182617 1 0.38184475898742676
dataset/stnud/0371 1 0.0017960071563720703 36 9 1 0.14592981338500977 1 0.5587525367736816
dataset/stnud/0372 1 0.001603841781616211 24 7 1 0.1415712833404541 1 0.33149194717407227
dataset/stnud/0373 1 0.0016918182373046875 30 7 1 0.13342833518981934 1 0.34945130348205566
dataset/stnud/0374 1 0.001687765121459961 30 7 1 0.14322543144226074 1 0.3403022289276123
dataset/stnud/0375 1 0.001718282699584961 24 9 1 0.14826011657714844 1 1.7728302478790283
dataset/stnud/0376 1 0.0016469955444335938 30 9 1 0.14664173126220703 1 0.8652441501617432
dataset/stnud/0377 1 0.0016741752624511719 30 9 1 0.14157676696777344 1 0.7508695125579834
dataset/stnud/0378 1 0.0017693042755126953 36 9 1 0.14472270011901855 1 0.6687490940093994
dataset/stnud/0379 1 0.0025131702423095703 18 9 1 0.146744966506958 1 0.30388641357421875
dataset/stnud/0380 1 0.001722574234008789 30 7 1 0.14254021644592285 1 0.33058857917785645
dataset/stnud/0381 1 0.0016999244689941406 30 9 1 0.1459040641784668 1 0.46779298782348633
dataset/stnud/0382 1 0.0019109249114990234 36 9 1 0.14659476280212402 1 0.7415804862976074
dataset/stnud/0383 1 0.0017466545104980469 30 11 1 0.14611458778381348 1 0.8230657577514648
dataset/stnud/0384 1 0.001627206802368164 24 9 1 0.14558982849121094 1 0.6685943603515625
dataset/stnud/0385 1 0.0015749931335449219 24 9 1 0.14531373977661133 1 0.5066907405853271
dataset/stnud/0386 1 0.0016446113586425781 24 9 1 0.14183592796325684 1 0.6141586303710938
dataset/stnud/0387 1 0.0016126632690429688 18 7 1 0.14619135856628418 1 0.4633650779724121
dataset/stnud/0388 1 0.001676797866821289 24 9 1 0.14288592338562012 1 0.46819615364074707
dataset/stnud/0389 1 0.0018093585968017578 36 9 1 0.14453887939453125 1 0.5939178466796875
dataset/stnud/0390 1 0.001631021499633789 24 9 1 0.14164376258850098 1 0.3571326732635498
dataset/stnud/0391 1 0.0018093585968017578 36 9 1 0.14227962493896484 1 0.5487098693847656
dataset/stnud/0392 1 0.0017561912536621094 36 9 1 0.14078927040100098 1 0.5059914588928223
dataset/stnud/0393 1 0.0016968250274658203 30 9 1 0.14394187927246094 1 0.4806079864501953
dataset/stnud/0394 1 0.0017192363739013672 36 9 1 0.14709973335266113 1 0.8118364810943604
dataset/stnud/0395 1 0.0016901493072509766 30 9 1 0.14609599113464355 1 0.8685367107391357
dataset/stnud/0396 1 0.002480030059814453 24 9 1 0.14463186264038086 1 0.34201908111572266
dataset/stnud/0397 1 0.0017859935760498047 30 9 1 0.14426136016845703 1 0.7197721004486084
dataset/stnud/0398 1 0.0016973018646240234 24 9 1 0.14365148544311523 1 1.3323254585266113
dataset/stnud/0399 1 0.0018258094787597656 36 9 1 0.14438223838806152 1 0.9600865840911865
dataset/stnud/0400 1 0.0016188621520996094 24 9 1 0.1499185562133789 1 0.5233330726623535
dataset/stnud/0401 1 0.0016031265258789062 30 9 1 0.1438746452331543 1 0.40403223037719727
dataset/stnud/0402 1 0.001722097396850586 30 7 1 0.14072132110595703 1 0.31149959564208984
dataset/stnud/0403 1 0.0016865730285644531 24 9 1 0.14645123481750488 1 0.6387045383453369
dataset/stnud/0404 1 0.001730203628540039 30 9 1 0.14479804039001465 1 0.45034241676330566
dataset/stnud/0405 1 0.0016918182373046875 30 9 1 0.14612507820129395 1 1.1842832565307617
dataset/stnud/0406 1 0.0017485618591308594 36 9 1 0.1420879364013672 1 0.36656880378723145
dataset/stnud/0407 1 0.0018703937530517578 36 9 1 0.14229702949523926 1 0.7737581729888916
dataset/stnud/0408 1 0.0017867088317871094 30 9 1 0.14218568801879883 1 0.48343634605407715
dataset/stnud/0409 1 0.0016558170318603516 18 11 1 0.14620161056518555 1 0.532644510269165
dataset/stnud/0410 1 0.0018305778503417969 36 9 1 0.14194416999816895 1 0.7939937114715576
dataset/stnud/0411 1 0.0016164779663085938 18 9 1 0.14613938331604004 1 0.3876159191131592
dataset/stnud/0412 1 0.0016558170318603516 24 9 1 0.14314842224121094 1 0.567725658416748
dataset/stnud/0413 1 0.0017249584197998047 30 9 1 0.1429438591003418 1 0.4483203887939453
dataset/stnud/0414 1 0.0018000602722167969 36 9 1 0.14348173141479492 1 0.5441567897796631
dataset/stnud/0415 1 0.0018095970153808594 36 9 1 0.14914441108703613 1 0.8038256168365479
dataset/stnud/0416 1 0.0018267631530761719 36 9 1 0.14461994171142578 1 0.4960024356842041
dataset/stnud/0417 1 0.0018031597137451172 36 9 1 0.14365720748901367 1 0.38140130043029785
dataset/stnud/0418 1 0.0017426013946533203 30 9 1 0.14021849632263184 1 0.4044673442840576
dataset/stnud/0419 1 0.0015861988067626953 18 9 1 0.14445924758911133 1 0.5269985198974609
dataset/stnud/0420 1 0.0025174617767333984 24 9 1 0.1432797908782959 1 0.3683314323425293
dataset/stnud/0421 1 0.0017235279083251953 30 7 1 0.14087963104248047 1 0.4735889434814453
dataset/stnud/0422 1 0.0015635490417480469 18 9 1 0.14473962783813477 1 0.32550835609436035
dataset/stnud/0423 1 0.0018253326416015625 36 9 1 0.16165900230407715 1 0.600393533706665
dataset/stnud/0424 1 0.0016322135925292969 30 9 1 0.14411187171936035 1 0.5024690628051758
dataset/stnud/0425 1 0.0015950202941894531 24 7 1 0.13661885261535645 1 0.5444462299346924
dataset/stnud/0426 1 0.0017762184143066406 30 9 1 0.1398754119873047 1 0.42067933082580566
dataset/stnud/0427 1 0.0018053054809570312 36 9 1 0.1598527431488037 1 1.6016013622283936
dataset/stnud/0428 1 0.002530813217163086 36 9 1 0.1372065544128418 1 0.8334383964538574
dataset/stnud/0429 1 0.001819610595703125 36 9 1 0.14487862586975098 1 0.9857020378112793
dataset/stnud/0430 1 0.0017848014831542969 36 9 1 0.14707398414611816 1 0.5830152034759521
dataset/stnud/0431 1 0.0017554759979248047 30 9 1 0.14241266250610352 1 0.5979881286621094
dataset/stnud/0432 1 0.002405881881713867 36 9 1 0.14504647254943848 1 0.6686639785766602
dataset/stnud/0433 1 0.0017468929290771484 30 9 1 0.14371919631958008 1 0.39737820625305176
dataset/stnud/0434 1 0.0017859935760498047 36 9 1 0.1405797004699707 1 0.8155193328857422
dataset/stnud/0435 1 0.0017387866973876953 36 9 1 0.15433764457702637 1 0.6022977828979492
dataset/stnud/0436 1 0.002734661102294922 36 7 1 0.14332199096679688 1 0.4971122741699219
dataset/stnud/0437 1 0.0016994476318359375 36 9 1 0.14319443702697754 1 0.522822380065918
dataset/stnud/0438 1 0.0018699169158935547 36 9 1 0.14631867408752441 1 0.549731969833374
dataset/stnud/0439 1 0.0015840530395507812 18 9 1 0.14662599563598633 1 0.37008142471313477
dataset/stnud/0440 1 0.001840353012084961 30 11 1 0.13983798027038574 1 0.9084181785583496
dataset/stnud/0441 1 0.0017316341400146484 30 9 1 0.1410837173461914 1 0.4300360679626465
dataset/stnud/0442 1 0.0017702579498291016 36 9 1 0.15503501892089844 1 0.3936758041381836
dataset/stnud/0443 1 0.0015380382537841797 24 7 1 0.13512063026428223 1 0.3225381374359131
dataset/stnud/0444 1 0.0017054080963134766 24 9 1 0.13934922218322754 1 0.3054492473602295
dataset/stnud/0445 1 0.0025670528411865234 30 9 1 0.15067791938781738 1 0.39337873458862305
dataset/stnud/0446 1 0.0016400814056396484 24 9 1 0.14823532104492188 1 1.0291423797607422
dataset/stnud/0447 1 0.0017747879028320312 36 9 1 0.14280462265014648 1 0.5594282150268555
dataset/stnud/0448 1 0.0018682479858398438 36 9 1 0.15966415405273438 1 1.3343663215637207
dataset/stnud/0449 1 0.0016176700592041016 24 9 1 0.14153218269348145 1 0.46732068061828613
dataset/stnud/0450 1 0.0015828609466552734 24 7 1 0.14211320877075195 1 0.3355073928833008
dataset/stnud/0451 1 0.0017843246459960938 36 9 1 0.14537763595581055 1 0.6914505958557129
dataset/stnud/0452 1 0.0016467571258544922 24 9 1 0.14659452438354492 1 0.34277963638305664
dataset/stnud/0453 1 0.0025682449340820312 24 9 1 0.14086461067199707 1 1.13877272605896
dataset/stnud/0454 1 0.0016689300537109375 30 9 1 0.1445331573486328 1 0.8373641967773438
dataset/stnud/0455 1 0.0018241405487060547 36 9 1 0.1434769630432129 1 0.739553689956665
dataset/stnud/0456 1 0.0017786026000976562 24 9 1 0.1421976089477539 1 0.4524202346801758
dataset/stnud/0457 1 0.0015628337860107422 18 7 1 0.14176297187805176 1 0.2863640785217285
dataset/stnud/0458 1 0.0017566680908203125 30 9 1 0.1489396095275879 1 0.49858903884887695
dataset/stnud/0459 1 0.001634836196899414 24 9 1 0.15860867500305176 1 0.47482967376708984
dataset/stnud/0460 1 0.001722574234008789 30 9 1 0.13610458374023438 1 0.3522052764892578
dataset/stnud/0461 1 0.0018801689147949219 36 9 1 0.1453099250793457 1 0.6224997043609619
dataset/stnud/0462 1 0.0017702579498291016 36 11 1 0.14177870750427246 1 0.6014690399169922
dataset/stnud/0463 1 0.0016803741455078125 30 9 1 0.14144539833068848 1 0.3926060199737549
dataset/stnud/0464 1 0.001873016357421875 30 9 1 0.14635777473449707 1 0.5366556644439697
dataset/stnud/0465 1 0.0016717910766601562 30 9 1 0.14567160606384277 1 0.7779476642608643
dataset/stnud/0466 1 0.0018086433410644531 36 9 1 0.1419663429260254 1 0.44158315658569336
dataset/stnud/0467 1 0.0015969276428222656 24 7 1 0.14067745208740234 1 0.34598851203918457
dataset/stnud/0468 1 0.0016429424285888672 24 7 1 0.14144134521484375 1 0.495267391204834
dataset/stnud/0469 1 0.0017392635345458984 36 7 1 0.1547253131866455 1 0.3296818733215332
dataset/stnud/0470 1 0.0016622543334960938 24 9 1 0.14086103439331055 1 0.46405911445617676
dataset/stnud/0471 1 0.0015759468078613281 18 9 1 0.1418619155883789 1 0.3543710708618164
dataset/stnud/0472 1 0.0018432140350341797 36 9 1 0.14183354377746582 1 0.35248374938964844
dataset/stnud/0473 1 0.0017886161804199219 36 9 1 0.1413586139678955 1 0.47334837913513184
dataset/stnud/0474 1 0.0019483566284179688 30 9 1 0.15790200233459473 1 0.3687160015106201
dataset/stnud/0475 1 0.0015819072723388672 18 9 1 0.14347171783447266 1 0.32425522804260254
dataset/stnud/0476 1 0.0016787052154541016 30 9 1 0.16040635108947754 1 0.49724483489990234
dataset/stnud/0477 1 0.0018358230590820312 36 9 1 0.1419050693511963 1 0.6552731990814209
dataset/stnud/0478 1 0.0017139911651611328 36 9 1 0.14562225341796875 1 0.634244441986084
dataset/stnud/0479 1 0.001699209213256836 30 9 1 0.14785218238830566 1 0.6275477409362793
dataset/stnud/0480 1 0.0018091201782226562 36 9 1 0.14530348777770996 1 0.8415529727935791
dataset/stnud/0481 1 0.0018925666809082031 36 9 1 0.14390230178833008 1 1.0616803169250488
dataset/stnud/0482 1 0.0019986629486083984 30 9 1 0.14099740982055664 1 0.5079271793365479
dataset/stnud/0483 1 0.0017597675323486328 30 9 1 0.1500394344329834 1 0.7167012691497803
dataset/stnud/0484 1 0.0017819404602050781 36 9 1 0.14286541938781738 1 0.36168789863586426
dataset/stnud/0485 1 0.001748800277709961 30 9 1 0.14218878746032715 1 0.5835967063903809
dataset/stnud/0486 1 0.001847982406616211 36 9 1 0.1408228874206543 1 0.8771684169769287
dataset/stnud/0487 1 0.0016808509826660156 24 13 1 0.1504073143005371 1 0.6668245792388916
dataset/stnud/0488 1 0.0016808509826660156 30 9 1 0.14577770233154297 1 0.6091351509094238
dataset/stnud/0489 1 0.001705169677734375 24 9 1 0.14539885520935059 1 0.6074633598327637
dataset/stnud/0490 1 0.0017476081848144531 30 9 1 0.14319944381713867 1 1.258882999420166
dataset/stnud/0491 1 0.0016064643859863281 24 9 1 0.14350152015686035 1 0.5782880783081055
dataset/stnud/0492 1 0.001644134521484375 30 9 1 0.14907073974609375 1 0.7745680809020996
dataset/stnud/0493 1 0.0014715194702148438 18 7 1 0.1456127166748047 1 0.3133714199066162
dataset/stnud/0494 1 0.0018525123596191406 36 9 1 0.1419527530670166 1 0.6072635650634766
dataset/stnud/0495 1 0.0018172264099121094 36 9 1 0.14153361320495605 1 0.8993165493011475
dataset/stnud/0496 1 0.0018093585968017578 36 9 1 0.14387130737304688 1 0.47580456733703613
dataset/stnud/0497 1 0.001760244369506836 30 9 1 0.14723849296569824 1 0.45566749572753906
dataset/stnud/0498 1 0.0018808841705322266 36 9 1 0.14292550086975098 1 0.5750985145568848
dataset/stnud/0499 1 0.0017142295837402344 30 9 1 0.14769506454467773 1 0.37462830543518066
dataset/stnud/0500 1 0.0017609596252441406 30 9 1 0.14699554443359375 1 0.7342402935028076
dataset/stnud/0501 1 0.0017926692962646484 36 9 1 0.1377091407775879 1 0.35771989822387695
dataset/stnud/0502 1 0.0016808509826660156 24 9 1 0.14362120628356934 1 0.33980655670166016
dataset/stnud/0503 1 0.0026552677154541016 30 9 1 0.1427614688873291 1 0.39530014991760254
dataset/stnud/0504 1 0.0019063949584960938 36 9 1 0.1477198600769043 1 0.7675380706787109
dataset/stnud/0505 1 0.0017702579498291016 30 9 1 0.14715886116027832 1 0.6418571472167969
dataset/stnud/0506 1 0.0016484260559082031 18 7 1 0.14805173873901367 1 0.2879750728607178
dataset/stnud/0507 1 0.0019412040710449219 36 9 1 0.14943981170654297 1 0.43432021141052246
dataset/stnud/0508 1 0.0016989707946777344 30 9 1 0.14601612091064453 1 0.4255971908569336
dataset/stnud/0509 1 0.001626729965209961 30 9 1 0.1437056064605713 1 0.3274557590484619
dataset/stnud/0510 1 0.001657247543334961 24 9 1 0.13355016708374023 1 0.341353178024292
dataset/stnud/0511 1 0.0016841888427734375 24 9 1 0.14278960227966309 1 0.547194242477417
dataset/stnud/0512 1 0.002720355987548828 30 7 1 0.142930269241333 1 0.3548135757446289
dataset/stnud/0513 1 0.0016205310821533203 18 7 1 0.14295530319213867 1 0.30411624908447266
dataset/stnud/0514 1 0.0017879009246826172 36 9 1 0.14750885963439941 1 0.5760395526885986
dataset/stnud/0515 1 0.001771688461303711 36 9 1 0.14255356788635254 1 0.584139347076416
dataset/stnud/0516 1 0.0017631053924560547 30 9 1 0.1417708396911621 1 0.4616363048553467
dataset/stnud/0517 1 0.001852273941040039 30 9 1 0.14446139335632324 1 0.5399017333984375
dataset/stnud/0518 1 0.0018837451934814453 36 9 1 0.1440122127532959 1 0.7104334831237793
dataset/stnud/0519 1 0.0017304420471191406 30 9 1 0.141798734664917 1 0.7404427528381348
dataset/stnud/0520 1 0.0017485618591308594 36 9 1 0.14376497268676758 1 0.647862434387207
dataset/stnud/0521 1 0.0018248558044433594 36 9 1 0.14276647567749023 1 0.7342977523803711
dataset/stnud/0522 1 0.0017600059509277344 30 9 1 0.14097118377685547 1 0.792891263961792
dataset/stnud/0523 1 0.0016417503356933594 24 7 1 0.1409611701965332 1 0.2804985046386719
dataset/stnud/0524 1 0.0016756057739257812 30 9 1 0.14133000373840332 1 0.5226962566375732
dataset/stnud/0525 1 0.0018253326416015625 36 9 1 0.1417560577392578 1 0.7297725677490234
dataset/stnud/0526 1 0.0018990039825439453 36 9 1 0.14517951011657715 1 0.476823091506958
dataset/stnud/0527 1 0.0017158985137939453 30 9 1 0.14095258712768555 1 0.3586101531982422
dataset/stnud/0528 1 0.0018658638000488281 36 9 1 0.14691853523254395 1 0.6025519371032715
dataset/stnud/0529 1 0.0017328262329101562 30 9 1 0.14233922958374023 1 0.4891510009765625
dataset/stnud/0530 1 0.0017359256744384766 30 11 1 0.14290523529052734 1 0.7370860576629639
dataset/stnud/0531 1 0.0014519691467285156 18 7 1 0.14730072021484375 1 0.35890769958496094
dataset/stnud/0532 1 0.0018384456634521484 30 9 1 0.14520645141601562 1 0.8586583137512207
dataset/stnud/0533 1 0.0017855167388916016 36 9 1 0.14251303672790527 1 0.8361990451812744
dataset/stnud/0534 1 0.001814126968383789 30 9 1 0.1411280632019043 1 1.0248148441314697
dataset/stnud/0535 1 0.0015990734100341797 24 7 1 0.14295053482055664 1 0.29492831230163574
dataset/stnud/0536 1 0.0017054080963134766 36 7 1 0.14644384384155273 1 0.31842637062072754
dataset/stnud/0537 1 0.0018503665924072266 36 9 1 0.14865469932556152 1 0.6476492881774902
dataset/stnud/0538 1 0.0017228126525878906 30 7 1 0.1439833641052246 1 0.31308817863464355
dataset/stnud/0539 1 0.001657724380493164 24 9 1 0.15041732788085938 1 0.6847834587097168
dataset/stnud/0540 1 0.0017495155334472656 30 9 1 0.14376330375671387 1 0.48169684410095215
dataset/stnud/0541 1 0.002663135528564453 30 9 1 0.1465754508972168 1 0.5450127124786377
dataset/stnud/0542 1 0.0015993118286132812 24 9 1 0.14605927467346191 1 0.35617876052856445
dataset/stnud/0543 1 0.0017015933990478516 30 9 1 0.14661526679992676 1 0.4686112403869629
dataset/stnud/0544 1 0.0015637874603271484 24 7 1 0.14110755920410156 1 0.2928321361541748
dataset/stnud/0545 1 0.0018377304077148438 36 9 1 0.14624357223510742 1 0.726078987121582
dataset/stnud/0546 1 0.001743316650390625 30 9 1 0.14256000518798828 1 0.5155220031738281
dataset/stnud/0547 1 0.0017924308776855469 36 9 1 0.1474902629852295 1 0.7512109279632568
dataset/stnud/0548 1 0.0018410682678222656 36 9 1 0.1434023380279541 1 0.8721978664398193
dataset/stnud/0549 1 0.0018455982208251953 36 9 1 0.14305520057678223 1 0.5169787406921387
dataset/stnud/0550 1 0.0019304752349853516 36 9 1 0.1421489715576172 1 0.896437406539917
dataset/stnud/0551 1 0.0017719268798828125 36 9 1 0.14229178428649902 1 0.6079859733581543
dataset/stnud/0552 1 0.0015125274658203125 18 7 1 0.14274835586547852 1 0.44895458221435547
dataset/stnud/0553 1 0.0017566680908203125 24 9 1 0.14583396911621094 1 0.6572456359863281
dataset/stnud/0554 1 0.0016465187072753906 30 9 1 0.1413712501525879 1 0.5172617435455322
dataset/stnud/0555 1 0.0015823841094970703 18 9 1 0.1415541172027588 1 0.5836281776428223
dataset/stnud/0556 1 0.0016543865203857422 24 9 1 0.14082837104797363 1 0.4605143070220947
dataset/stnud/0557 1 0.001798391342163086 36 9 1 0.15122652053833008 1 0.46126794815063477
dataset/stnud/0558 1 0.0015897750854492188 24 7 1 0.14525604248046875 1 0.33609461784362793
dataset/stnud/0559 1 0.0015516281127929688 18 7 1 0.13723516464233398 1 0.3332183361053467
dataset/stnud/0560 1 0.001836538314819336 36 9 1 0.14387297630310059 1 0.8672516345977783
dataset/stnud/0561 1 0.0016906261444091797 24 9 1 0.14136171340942383 1 0.33786797523498535
dataset/stnud/0562 1 0.002645254135131836 30 9 1 0.14835786819458008 1 0.3537468910217285
dataset/stnud/0563 1 0.0015842914581298828 18 7 1 0.1424875259399414 1 0.30426025390625
dataset/stnud/0564 1 0.0016393661499023438 18 9 1 0.1442701816558838 1 0.7626714706420898
dataset/stnud/0565 1 0.0017549991607666016 30 9 1 0.1436748504638672 1 0.3542788028717041
dataset/stnud/0566 1 0.0018074512481689453 36 9 1 0.14771747589111328 1 0.4121878147125244
dataset/stnud/0567 1 0.001692056655883789 24 7 1 0.1444704532623291 1 0.33075642585754395
dataset/stnud/0568 1 0.0015761852264404297 24 7 1 0.14791250228881836 1 0.3555178642272949
dataset/stnud/0569 1 0.0019366741180419922 36 9 1 0.14252185821533203 1 0.7257509231567383
dataset/stnud/0570 1 0.0016407966613769531 24 7 1 0.13976621627807617 1 0.3386261463165283
dataset/stnud/0571 1 0.0017704963684082031 36 9 1 0.14231085777282715 1 0.8285675048828125
dataset/stnud/0572 1 0.001689910888671875 30 7 1 0.14151740074157715 1 0.4740417003631592
dataset/stnud/0573 1 0.0018320083618164062 36 9 1 0.14714384078979492 1 1.0712387561798096
dataset/stnud/0574 1 0.0016472339630126953 24 7 1 0.14601898193359375 1 0.31276774406433105
dataset/stnud/0575 1 0.0018928050994873047 36 9 1 0.14380979537963867 1 0.47594690322875977
dataset/stnud/0576 1 0.0018618106842041016 36 9 1 0.14526057243347168 1 0.7600431442260742
dataset/stnud/0577 1 0.0018198490142822266 36 9 1 0.14227914810180664 1 0.4145684242248535
dataset/stnud/0578 1 0.0016410350799560547 24 9 1 0.13989520072937012 1 0.4149806499481201
dataset/stnud/0579 1 0.0015797615051269531 18 9 1 0.14136409759521484 1 0.3601222038269043
dataset/stnud/0580 1 0.0017321109771728516 30 9 1 0.16360926628112793 1 0.7055857181549072
dataset/stnud/0581 1 0.0015780925750732422 18 7 1 0.14186835289001465 1 0.3380255699157715
dataset/stnud/0582 1 0.0018310546875 36 9 1 0.15571236610412598 1 0.5197029113769531
dataset/stnud/0583 1 0.0017101764678955078 30 9 1 0.14351296424865723 1 0.39536476135253906
dataset/stnud/0584 1 0.0017139911651611328 30 7 1 0.14421510696411133 1 0.4574441909790039
dataset/stnud/0585 1 0.0017697811126708984 30 9 1 0.14380455017089844 1 1.4818451404571533
dataset/stnud/0586 1 0.0016536712646484375 24 9 1 0.1449267864227295 1 0.43262743949890137
dataset/stnud/0587 1 0.0016853809356689453 30 9 1 0.14163589477539062 1 0.35959839820861816
dataset/stnud/0588 1 0.0027799606323242188 30 9 1 0.14284157752990723 1 0.49584364891052246
dataset/stnud/0589 1 0.0017325878143310547 30 9 1 0.1443171501159668 1 0.47164106369018555
dataset/stnud/0590 1 0.0015082359313964844 18 9 1 0.1458280086517334 1 0.32825303077697754
dataset/stnud/0591 1 0.0018718242645263672 30 9 1 0.14194965362548828 1 0.7463304996490479
dataset/stnud/0592 1 0.0016748905181884766 30 9 1 0.14240741729736328 1 0.42005133628845215
dataset/stnud/0593 1 0.0017781257629394531 36 9 1 0.14334726333618164 1 0.5549688339233398
dataset/stnud/0594 1 0.0017223358154296875 30 9 1 0.14241933822631836 1 0.5016062259674072
dataset/stnud/0595 1 0.0018815994262695312 36 9 1 0.14848065376281738 1 0.8791368007659912
dataset/stnud/0596 1 0.0018358230590820312 36 9 1 0.14261698722839355 1 0.5787754058837891
dataset/stnud/0597 1 0.001745462417602539 18 7 1 0.14433670043945312 1 0.2888801097869873
dataset/stnud/0598 1 0.0016322135925292969 24 9 1 0.1421337127685547 1 0.3625495433807373
dataset/stnud/0599 1 0.0018846988677978516 36 9 1 0.1439073085784912 1 0.7257118225097656
dataset/stnud/0600 1 0.0017218589782714844 36 9 1 0.1504206657409668 1 0.549858808517456
dataset/stnud/0601 1 0.001810312271118164 36 9 1 0.1484522819519043 1 0.3891294002532959
dataset/stnud/0602 1 0.0015816688537597656 18 7 1 0.14282822608947754 1 0.34563112258911133
dataset/stnud/0603 1 0.001911163330078125 36 9 1 0.14290666580200195 1 0.40256690979003906
dataset/stnud/0604 1 0.00183868408203125 36 9 1 0.13748955726623535 1 0.7043778896331787
dataset/stnud/0605 1 0.0018014907836914062 36 9 1 0.14464735984802246 1 0.38155698776245117
dataset/stnud/0606 1 0.0017819404602050781 36 9 1 0.14815092086791992 1 0.5874056816101074
dataset/stnud/0607 1 0.0016853809356689453 24 9 1 0.1441349983215332 1 0.6386127471923828
dataset/stnud/0608 1 0.0015935897827148438 18 9 1 0.13967418670654297 1 0.34386420249938965
dataset/stnud/0609 1 0.0016241073608398438 24 9 1 0.14951205253601074 1 0.3299996852874756
dataset/stnud/0610 1 0.0018627643585205078 36 9 1 0.14521026611328125 1 0.96891188621521
dataset/stnud/0611 1 0.00179290771484375 36 9 1 0.14515376091003418 1 0.6796021461486816
dataset/stnud/0612 1 0.0017282962799072266 24 7 1 0.14063596725463867 1 0.385265588760376
dataset/stnud/0613 1 0.0017719268798828125 36 9 1 0.14255094528198242 1 0.7193894386291504
dataset/stnud/0614 1 0.0017597675323486328 36 9 1 0.14249324798583984 1 0.48906970024108887
dataset/stnud/0615 1 0.0015633106231689453 18 7 1 0.14926886558532715 1 0.4957592487335205
dataset/stnud/0616 1 0.0018062591552734375 36 9 1 0.14409160614013672 1 1.1446025371551514
dataset/stnud/0617 1 0.002871990203857422 36 9 1 0.141801118850708 1 1.099926471710205
dataset/stnud/0618 1 0.0016665458679199219 30 9 1 0.1509866714477539 1 0.8405437469482422
dataset/stnud/0619 1 0.0016818046569824219 18 7 1 0.14217162132263184 1 0.31276583671569824
dataset/stnud/0620 1 0.0016143321990966797 24 11 1 0.1484057903289795 1 0.6836647987365723
dataset/stnud/0621 1 0.001573801040649414 18 7 1 0.14484643936157227 1 0.3427920341491699
dataset/stnud/0622 1 0.0019083023071289062 36 9 1 0.15385174751281738 1 0.6249041557312012
dataset/stnud/0623 1 0.0019009113311767578 36 9 1 0.14360570907592773 1 0.682415246963501
dataset/stnud/0624 1 0.0016551017761230469 18 9 1 0.14248394966125488 1 0.3369898796081543
dataset/stnud/0625 1 0.0015192031860351562 18 7 1 0.1415548324584961 1 0.3786301612854004
dataset/stnud/0626 1 0.001821279525756836 36 9 1 0.14179539680480957 1 0.46366000175476074
dataset/stnud/0627 1 0.0017261505126953125 24 9 1 0.1430063247680664 1 0.3779776096343994
dataset/stnud/0628 1 0.0016641616821289062 30 9 1 0.14510083198547363 1 1.062981367111206
dataset/stnud/0629 1 0.0015921592712402344 24 7 1 0.14256000518798828 1 0.3616194725036621
dataset/stnud/0630 1 0.0017917156219482422 36 7 1 0.1448204517364502 1 0.48649048805236816
dataset/stnud/0631 1 0.0017554759979248047 36 9 1 0.1428699493408203 1 0.7492067813873291
dataset/stnud/0632 1 0.0016620159149169922 30 9 1 0.14113926887512207 1 0.48037290573120117
dataset/stnud/0633 1 0.0015840530395507812 24 7 1 0.14653921127319336 1 0.2861621379852295
dataset/stnud/0634 1 0.0018680095672607422 36 11 1 0.15763568878173828 1 1.3937971591949463
dataset/stnud/0635 1 0.0017588138580322266 24 11 1 0.14893579483032227 1 1.5234229564666748
dataset/stnud/0636 1 0.0016260147094726562 24 7 1 0.14429903030395508 1 0.3510458469390869
dataset/stnud/0637 1 0.001834869384765625 36 9 1 0.14213156700134277 1 0.3581666946411133
dataset/stnud/0638 1 0.0016415119171142578 30 7 1 0.14119529724121094 1 0.33101749420166016
dataset/stnud/0639 1 0.001970529556274414 36 9 1 0.1419658660888672 1 0.5491282939910889
dataset/stnud/0640 1 0.0017926692962646484 36 9 1 0.1455080509185791 1 0.8140373229980469
dataset/stnud/0641 1 0.0018239021301269531 30 9 1 0.14830255508422852 1 0.5787608623504639
dataset/stnud/0642 1 0.0018448829650878906 36 9 1 0.14753127098083496 1 0.9051525592803955
dataset/stnud/0643 1 0.001703500747680664 30 7 1 0.14206743240356445 1 0.33505868911743164
dataset/stnud/0644 1 0.0017473697662353516 36 9 1 0.14145946502685547 1 0.5095171928405762
dataset/stnud/0645 1 0.00162506103515625 18 9 1 0.14379119873046875 1 0.4046146869659424
dataset/stnud/0646 1 0.001592397689819336 24 7 1 0.145707368850708 1 0.3556232452392578
dataset/stnud/0647 1 0.0016965866088867188 30 9 1 0.15100955963134766 1 0.6225638389587402
dataset/stnud/0648 1 0.0018472671508789062 36 9 1 0.14325308799743652 1 0.8269414901733398
dataset/stnud/0649 1 0.0017886161804199219 36 9 1 0.14240741729736328 1 0.5377492904663086
dataset/stnud/0650 1 0.0019195079803466797 36 9 1 0.14232134819030762 1 0.5800008773803711
dataset/stnud/0651 1 0.0015940666198730469 24 7 1 0.15425348281860352 1 0.33244895935058594
dataset/stnud/0652 1 0.0018532276153564453 36 9 1 0.1439812183380127 1 0.5311551094055176
dataset/stnud/0653 1 0.0016584396362304688 24 9 1 0.14478206634521484 1 0.40706396102905273
dataset/stnud/0654 1 0.002575397491455078 30 9 1 0.14589738845825195 1 0.6908614635467529
dataset/stnud/0655 1 0.0016942024230957031 30 9 1 0.14268159866333008 1 0.4849369525909424
dataset/stnud/0656 1 0.001874685287475586 36 9 1 0.1493985652923584 1 0.6223881244659424
dataset/stnud/0657 1 0.0015921592712402344 18 7 1 0.14857888221740723 1 0.2899818420410156
dataset/stnud/0658 1 0.0017948150634765625 36 9 1 0.1487419605255127 1 0.8052294254302979
dataset/stnud/0659 1 0.0017910003662109375 36 9 1 0.13999080657958984 1 0.5331664085388184
dataset/stnud/0660 1 0.0016164779663085938 24 7 1 0.1465778350830078 1 0.2919137477874756
dataset/stnud/0661 1 0.001749277114868164 30 9 1 0.14754915237426758 1 0.4571259021759033
dataset/stnud/0662 1 0.0017969608306884766 30 9 1 0.14955711364746094 1 0.729454755783081
dataset/stnud/0663 1 0.001489400863647461 18 7 1 0.141693115234375 1 0.2771937847137451
dataset/stnud/0664 1 0.0016252994537353516 18 7 1 0.14177489280700684 1 0.3337550163269043
dataset/stnud/0665 1 0.0018415451049804688 36 9 1 0.14600467681884766 1 0.45453739166259766
dataset/stnud/0666 1 0.0016438961029052734 18 9 1 0.14600753784179688 1 0.498852014541626
dataset/stnud/0667 1 0.0018019676208496094 36 9 1 0.14867043495178223 1 0.7845180034637451
dataset/stnud/0668 1 0.0016989707946777344 30 9 1 0.15027737617492676 1 0.5111281871795654
dataset/stnud/0669 1 0.0016329288482666016 24 9 1 0.1447441577911377 1 0.6346862316131592
dataset/stnud/0670 1 0.0018482208251953125 30 9 1 0.14873242378234863 1 0.5530633926391602
dataset/stnud/0671 1 0.00164794921875 18 9 1 0.15369486808776855 1 0.47409653663635254
dataset/stnud/0672 1 0.001550912857055664 18 7 1 0.1442101001739502 1 0.2952232360839844
dataset/stnud/0673 1 0.0017859935760498047 36 9 1 0.14327597618103027 1 0.7971842288970947
dataset/stnud/0674 1 0.0017752647399902344 36 9 1 0.16881299018859863 1 0.49491167068481445
dataset/stnud/0675 1 0.0017173290252685547 30 9 1 0.14948511123657227 1 0.7977683544158936
dataset/stnud/0676 1 0.0017199516296386719 36 7 1 0.13814735412597656 1 0.3465578556060791
dataset/stnud/0677 1 0.0016756057739257812 18 9 1 0.14581775665283203 1 0.3955264091491699
dataset/stnud/0678 1 0.0018317699432373047 36 9 1 0.1433093547821045 1 0.5888564586639404
dataset/stnud/0679 1 0.001734018325805664 30 7 1 0.14289045333862305 1 0.4211750030517578
dataset/stnud/0680 1 0.001562356948852539 18 7 1 0.1409287452697754 1 0.33179569244384766
dataset/stnud/0681 1 0.0017135143280029297 30 9 1 0.14269495010375977 1 0.6159071922302246
dataset/stnud/0682 1 0.001523733139038086 18 9 1 0.14055657386779785 1 0.3869614601135254
dataset/stnud/0683 1 0.0017201900482177734 30 9 1 0.14305496215820312 1 0.3922297954559326
dataset/stnud/0684 1 0.0017142295837402344 30 9 1 0.14392375946044922 1 0.6716721057891846
dataset/stnud/0685 1 0.0017714500427246094 36 9 1 0.14582157135009766 1 0.3936433792114258
dataset/stnud/0686 1 0.0016770362854003906 30 7 1 0.15964889526367188 1 0.46240973472595215
dataset/stnud/0687 1 0.001718282699584961 30 9 1 0.13489437103271484 1 0.5818963050842285
dataset/stnud/0688 1 0.001973867416381836 36 9 1 0.14258813858032227 1 0.675224781036377
dataset/stnud/0689 1 0.0017583370208740234 36 7 1 0.14891290664672852 1 0.3441317081451416
dataset/stnud/0690 1 0.0015571117401123047 18 7 1 0.14641284942626953 1 0.49485087394714355
dataset/stnud/0691 1 0.0017483234405517578 30 9 1 0.14666438102722168 1 0.573265552520752
dataset/stnud/0692 1 0.001821279525756836 36 9 1 0.16202878952026367 1 0.6735334396362305
dataset/stnud/0693 1 0.0018548965454101562 36 9 1 0.14065074920654297 1 0.5167796611785889
dataset/stnud/0694 1 0.0016586780548095703 30 7 1 0.14034700393676758 1 0.34400033950805664
dataset/stnud/0695 1 0.0016448497772216797 24 9 1 0.14126229286193848 1 0.3846426010131836
dataset/stnud/0696 1 0.0017011165618896484 30 9 1 0.14279842376708984 1 0.396320104598999
dataset/stnud/0697 1 0.0016133785247802734 18 11 1 0.14380574226379395 1 0.5876507759094238
dataset/stnud/0698 1 0.0017974376678466797 36 9 1 0.14672398567199707 1 0.6091399192810059
dataset/stnud/0699 1 0.0017631053924560547 36 9 1 0.14468932151794434 1 0.45513248443603516
dataset/stnud/0700 1 0.0017580986022949219 30 9 1 0.1440591812133789 1 0.5987074375152588
dataset/stnud/0701 1 0.0018172264099121094 36 9 1 0.14432930946350098 1 0.6264891624450684
dataset/stnud/0702 1 0.0018820762634277344 36 9 1 0.14441633224487305 1 0.5219166278839111
dataset/stnud/0703 1 0.0017778873443603516 36 9 1 0.14245867729187012 1 0.542985200881958
dataset/stnud/0704 1 0.0016782283782958984 24 9 1 0.14554905891418457 1 0.9044828414916992
dataset/stnud/0705 1 0.0015234947204589844 24 7 1 0.14746665954589844 1 0.331514835357666
dataset/stnud/0706 1 0.0019237995147705078 36 9 1 0.15595126152038574 1 0.8331911563873291
dataset/stnud/0707 1 0.0018155574798583984 36 9 1 0.1419508457183838 1 0.8487625122070312
dataset/stnud/0708 1 0.0018062591552734375 36 9 1 0.14506053924560547 1 0.505058765411377
dataset/stnud/0709 1 0.0018422603607177734 30 9 1 0.1446702480316162 1 0.9112374782562256
dataset/stnud/0710 1 0.0017976760864257812 36 11 1 0.15113353729248047 1 0.9846353530883789
dataset/stnud/0711 1 0.0017817020416259766 36 7 1 0.14009642601013184 1 0.34061169624328613
dataset/stnud/0712 1 0.0017514228820800781 36 9 1 0.14186501502990723 1 0.367063045501709
dataset/stnud/0713 1 0.0017461776733398438 30 7 1 0.1363825798034668 1 0.3429725170135498
dataset/stnud/0714 1 0.0017445087432861328 30 9 1 0.14309048652648926 1 0.6852705478668213
dataset/stnud/0715 1 0.0016834735870361328 30 7 1 0.14572572708129883 1 0.30510616302490234
dataset/stnud/0716 1 0.001668691635131836 36 7 1 0.14239239692687988 1 0.3338358402252197
dataset/stnud/0717 1 0.0016405582427978516 24 9 1 0.14221978187561035 1 0.5709958076477051
dataset/stnud/0718 1 0.001722097396850586 30 9 1 0.14126205444335938 1 0.45194220542907715
dataset/stnud/0719 1 0.0017039775848388672 24 9 1 0.16534066200256348 1 0.5817909240722656
dataset/stnud/0720 1 0.0017633438110351562 30 9 1 0.14191794395446777 1 0.3623063564300537
dataset/stnud/0721 1 0.0017240047454833984 24 9 1 0.14005208015441895 1 0.5503497123718262
dataset/stnud/0722 1 0.0027434825897216797 36 9 1 0.14681506156921387 1 0.5292413234710693
dataset/stnud/0723 1 0.001615762710571289 24 9 1 0.1392529010772705 1 0.3860766887664795
dataset/stnud/0724 1 0.0018410682678222656 36 9 1 0.14850974082946777 1 0.5932486057281494
dataset/stnud/0725 1 0.0015714168548583984 24 7 1 0.14375734329223633 1 0.3408799171447754
dataset/stnud/0726 1 0.0018489360809326172 36 9 1 0.16076970100402832 1 0.7519569396972656
dataset/stnud/0727 1 0.0018863677978515625 36 9 1 0.14435052871704102 1 0.4330580234527588
dataset/stnud/0728 1 0.001796722412109375 36 9 1 0.14307403564453125 1 0.6664953231811523
dataset/stnud/0729 1 0.0017580986022949219 36 9 1 0.1366722583770752 1 0.5643515586853027
dataset/stnud/0730 1 0.0018203258514404297 30 9 1 0.14234209060668945 1 0.3840479850769043
dataset/stnud/0731 1 0.0017349720001220703 30 9 1 0.14152288436889648 1 0.3677022457122803
dataset/stnud/0732 1 0.0017154216766357422 30 9 1 0.14339447021484375 1 0.621161699295044
dataset/stnud/0733 1 0.0017812252044677734 36 9 1 0.14399051666259766 1 0.41224026679992676
dataset/stnud/0734 1 0.0017938613891601562 36 9 1 0.15638446807861328 1 0.5175371170043945
dataset/stnud/0735 1 0.001680612564086914 18 9 1 0.1427769660949707 1 0.40338659286499023
dataset/stnud/0736 1 0.001622915267944336 30 9 1 0.13733696937561035 1 0.48954105377197266
dataset/stnud/0737 1 0.0016357898712158203 24 9 1 0.14722704887390137 1 0.37022948265075684
dataset/stnud/0738 1 0.0017855167388916016 36 9 1 0.14593791961669922 1 0.69911789894104
dataset/stnud/0739 1 0.0019245147705078125 36 9 1 0.14447975158691406 1 0.8574929237365723
dataset/stnud/0740 1 0.0017743110656738281 36 9 1 0.15294814109802246 1 0.5244510173797607
dataset/stnud/0741 1 0.0016033649444580078 24 7 1 0.1464090347290039 1 0.33087611198425293
dataset/stnud/0742 1 0.0017402172088623047 36 9 1 0.14190173149108887 1 0.7176752090454102
dataset/stnud/0743 1 0.0017352104187011719 30 9 1 0.14633560180664062 1 0.3930037021636963
dataset/stnud/0744 1 0.0018267631530761719 30 9 1 0.1450037956237793 1 0.5210661888122559
dataset/stnud/0745 1 0.0015146732330322266 18 9 1 0.14278841018676758 1 0.3694450855255127
dataset/stnud/0746 1 0.0017583370208740234 30 9 1 0.13894319534301758 1 0.439349889755249
dataset/stnud/0747 1 0.001825571060180664 36 9 1 0.14280343055725098 1 1.0597214698791504
dataset/stnud/0748 1 0.0016639232635498047 30 7 1 0.14725542068481445 1 0.5091593265533447
dataset/stnud/0749 1 0.0017464160919189453 30 9 1 0.1623222827911377 1 0.6000881195068359
dataset/stnud/0750 1 0.0016813278198242188 24 9 1 0.14665579795837402 1 0.4819519519805908
dataset/stnud/0751 1 0.0017971992492675781 30 9 1 0.1419527530670166 1 0.7693285942077637
dataset/stnud/0752 1 0.0016436576843261719 24 7 1 0.1475386619567871 1 0.3931872844696045
dataset/stnud/0753 1 0.001970529556274414 36 9 1 0.1423625946044922 1 1.5451109409332275
dataset/stnud/0754 1 0.001668691635131836 24 9 1 0.14260077476501465 1 0.8146927356719971
dataset/stnud/0755 1 0.002675294876098633 36 9 1 0.16291069984436035 1 0.40689778327941895
dataset/stnud/0756 1 0.001634359359741211 24 9 1 0.14507555961608887 1 0.3926968574523926
dataset/stnud/0757 1 0.001796722412109375 36 9 1 0.14317083358764648 1 0.6104569435119629
dataset/stnud/0758 1 0.0016331672668457031 24 9 1 0.14641046524047852 1 0.53182053565979
dataset/stnud/0759 1 0.0015943050384521484 24 7 1 0.14807891845703125 1 0.5208590030670166
dataset/stnud/0760 1 0.0017216205596923828 30 9 1 0.14046621322631836 1 0.5187311172485352
dataset/stnud/0761 1 0.0018219947814941406 36 9 1 0.14578771591186523 1 0.8845620155334473
dataset/stnud/0762 1 0.0017650127410888672 36 9 1 0.14670038223266602 1 0.5459160804748535
dataset/stnud/0763 1 0.0016047954559326172 24 9 1 0.14338207244873047 1 0.49431324005126953
dataset/stnud/0764 1 0.0016705989837646484 30 9 1 0.14168667793273926 1 0.3284294605255127
dataset/stnud/0765 1 0.0015766620635986328 18 7 1 0.14614129066467285 1 0.36598634719848633
dataset/stnud/0766 1 0.0017862319946289062 30 9 1 0.1453404426574707 1 0.7165610790252686
dataset/stnud/0767 1 0.0017981529235839844 36 9 1 0.14547061920166016 1 0.45833396911621094
dataset/stnud/0768 1 0.0017917156219482422 30 9 1 0.15213918685913086 1 0.8430957794189453
dataset/stnud/0769 1 0.001795053482055664 36 9 1 0.14133214950561523 1 0.3414740562438965
dataset/stnud/0770 1 0.0016994476318359375 30 9 1 0.14864850044250488 1 0.4622211456298828
dataset/stnud/0771 1 0.001764535903930664 30 9 1 0.1591808795928955 1 0.8528237342834473
dataset/stnud/0772 1 0.0017213821411132812 30 9 1 0.14296793937683105 1 0.40484189987182617
dataset/stnud/0773 1 0.0015783309936523438 18 7 1 0.14669489860534668 1 0.3534359931945801
dataset/stnud/0774 1 0.0015299320220947266 24 9 1 0.14612793922424316 1 0.3906538486480713
dataset/stnud/0775 1 0.0015728473663330078 18 7 1 0.14752626419067383 1 0.28050661087036133
dataset/stnud/0776 1 0.0016002655029296875 18 9 1 0.14489960670471191 1 0.5764796733856201
dataset/stnud/0777 1 0.0029141902923583984 36 9 1 0.1431875228881836 1 0.6590979099273682
dataset/stnud/0778 1 0.0017440319061279297 36 9 1 0.14716529846191406 1 0.47270894050598145
dataset/stnud/0779 1 0.0016126632690429688 24 7 1 0.14460301399230957 1 0.3414938449859619
dataset/stnud/0780 1 0.0015990734100341797 24 9 1 0.14287257194519043 1 0.5906784534454346
dataset/stnud/0781 1 0.0018117427825927734 36 9 1 0.14417505264282227 1 0.6391947269439697
dataset/stnud/0782 1 0.0017054080963134766 30 9 1 0.14555621147155762 1 0.37239766120910645
dataset/stnud/0783 1 0.0014865398406982422 18 7 1 0.1423783302307129 1 0.3861730098724365
dataset/stnud/0784 1 0.0019085407257080078 30 9 1 0.1469869613647461 1 0.7341830730438232
dataset/stnud/0785 1 0.0017819404602050781 30 9 1 0.15456056594848633 1 0.507544994354248
dataset/stnud/0786 1 0.0016810894012451172 30 9 1 0.14603233337402344 1 0.5575742721557617
dataset/stnud/0787 1 0.0017485618591308594 30 9 1 0.1441516876220703 1 0.47443294525146484
dataset/stnud/0788 1 0.0017004013061523438 30 9 1 0.14825844764709473 1 0.3636348247528076
dataset/stnud/0789 1 0.0018754005432128906 30 9 1 0.1407933235168457 1 0.4792141914367676
dataset/stnud/0790 1 0.002699613571166992 36 9 1 0.1443929672241211 1 0.6027016639709473
dataset/stnud/0791 1 0.0016689300537109375 24 9 1 0.14728808403015137 1 0.6680610179901123
dataset/stnud/0792 1 0.001651763916015625 24 9 1 0.14406895637512207 1 0.4060988426208496
dataset/stnud/0793 1 0.0017142295837402344 30 9 1 0.14604878425598145 1 0.4111342430114746
dataset/stnud/0794 1 0.001634836196899414 24 9 1 0.15014076232910156 1 0.36112046241760254
dataset/stnud/0795 1 0.0017917156219482422 36 9 1 0.1426243782043457 1 0.3784303665161133
dataset/stnud/0796 1 0.0015866756439208984 18 9 1 0.14361882209777832 1 0.36064743995666504
dataset/stnud/0797 1 0.0021581649780273438 30 9 1 0.14391613006591797 1 0.545637845993042
dataset/stnud/0798 1 0.0016498565673828125 24 9 1 0.14324641227722168 1 0.3642599582672119
dataset/stnud/0799 1 0.0017457008361816406 30 9 1 0.14311814308166504 1 0.5156335830688477
dataset/stnud/0800 1 0.0017707347869873047 30 9 1 0.145416259765625 1 0.7472867965698242
dataset/stnud/0801 1 0.001638650894165039 24 9 1 0.14446282386779785 1 0.38853025436401367
dataset/stnud/0802 1 0.0014660358428955078 18 7 1 0.14164519309997559 1 0.43784022331237793
dataset/stnud/0803 1 0.0016317367553710938 30 9 1 0.14043140411376953 1 0.42380261421203613
dataset/stnud/0804 1 0.0017595291137695312 36 9 1 0.14518284797668457 1 0.7187457084655762
dataset/stnud/0805 1 0.001844644546508789 24 9 1 0.14189767837524414 1 0.41997361183166504
dataset/stnud/0806 1 0.0017344951629638672 24 9 1 0.14804983139038086 1 0.4740285873413086
dataset/stnud/0807 1 0.0018422603607177734 36 9 1 0.14119291305541992 1 0.6595797538757324
dataset/stnud/0808 1 0.0017499923706054688 24 9 1 0.14452862739562988 1 0.4245626926422119
dataset/stnud/0809 1 0.0016598701477050781 24 9 1 0.1437070369720459 1 0.6096100807189941
dataset/stnud/0810 1 0.0018935203552246094 36 9 1 0.1488332748413086 1 0.6461563110351562
dataset/stnud/0811 1 0.001800537109375 36 9 1 0.14500713348388672 1 0.40673041343688965
dataset/stnud/0812 1 0.0018532276153564453 36 9 1 0.14296317100524902 1 0.5434319972991943
dataset/stnud/0813 1 0.0016243457794189453 18 9 1 0.14723968505859375 1 0.48347997665405273
dataset/stnud/0814 1 0.0016818046569824219 24 9 1 0.1439380645751953 1 0.44191884994506836
dataset/stnud/0815 1 0.001621246337890625 18 7 1 0.14360785484313965 1 0.3447690010070801
dataset/stnud/0816 1 0.0016078948974609375 18 9 1 0.14647698402404785 1 0.3856050968170166
dataset/stnud/0817 1 0.001566171646118164 18 7 1 0.1535201072692871 1 0.40818262100219727
dataset/stnud/0818 1 0.0018072128295898438 36 9 1 0.14846086502075195 1 0.8590564727783203
dataset/stnud/0819 1 0.0015246868133544922 24 7 1 0.14124274253845215 1 0.30616021156311035
dataset/stnud/0820 1 0.0017130374908447266 30 9 1 0.14188265800476074 1 0.3834540843963623
dataset/stnud/0821 1 0.0027742385864257812 30 9 1 0.14145636558532715 1 0.3332083225250244
dataset/stnud/0822 1 0.0018246173858642578 36 9 1 0.15079808235168457 1 0.8573153018951416
dataset/stnud/0823 1 0.0016243457794189453 18 9 1 0.1419522762298584 1 0.4027245044708252
dataset/stnud/0824 1 0.0018818378448486328 36 9 1 0.1430063247680664 1 0.8636178970336914
dataset/stnud/0825 1 0.0025932788848876953 30 9 1 0.14878273010253906 1 0.5710623264312744
dataset/stnud/0826 1 0.0018815994262695312 36 9 1 0.14335036277770996 1 0.5698797702789307
dataset/stnud/0827 1 0.0017910003662109375 36 9 1 0.14905929565429688 1 0.8381166458129883
dataset/stnud/0828 1 0.0017256736755371094 30 9 1 0.14299726486206055 1 0.5587341785430908
dataset/stnud/0829 1 0.002727508544921875 30 7 1 0.15596795082092285 1 0.508049488067627
dataset/stnud/0830 1 0.0016086101531982422 24 9 1 0.14290428161621094 1 0.574573278427124
dataset/stnud/0831 1 0.0017240047454833984 30 9 1 0.1462094783782959 1 0.6862080097198486
dataset/stnud/0832 1 0.0019378662109375 36 9 1 0.1538562774658203 1 0.613844633102417
dataset/stnud/0833 1 0.002511739730834961 30 9 1 0.14293956756591797 1 0.5405640602111816
dataset/stnud/0834 1 0.001791238784790039 36 9 1 0.14429616928100586 1 0.3763694763183594
dataset/stnud/0835 1 0.0016837120056152344 30 9 1 0.14400649070739746 1 0.712116003036499
dataset/stnud/0836 1 0.0017147064208984375 30 9 1 0.14254164695739746 1 0.5822911262512207
dataset/stnud/0837 1 0.001889944076538086 36 9 1 0.14354872703552246 1 0.9624574184417725
dataset/stnud/0838 1 0.0016782283782958984 24 9 1 0.14484286308288574 1 0.7203755378723145
dataset/stnud/0839 1 0.0019834041595458984 36 9 1 0.14625191688537598 1 0.4587125778198242
dataset/stnud/0840 1 0.0017867088317871094 36 9 1 0.14486265182495117 1 0.5614049434661865
dataset/stnud/0841 1 0.0026040077209472656 36 9 1 0.1504535675048828 1 0.5543115139007568
dataset/stnud/0842 1 0.0016961097717285156 24 9 1 0.14559221267700195 1 0.6385841369628906
dataset/stnud/0843 1 0.0016319751739501953 24 7 1 0.15549683570861816 1 0.5774617195129395
dataset/stnud/0844 1 0.0021440982818603516 24 9 1 0.14247417449951172 1 0.3648662567138672
dataset/stnud/0845 1 0.001708984375 24 9 1 0.14550209045410156 1 0.33084535598754883
dataset/stnud/0846 1 0.0017466545104980469 30 9 1 0.14861631393432617 1 0.662771463394165
dataset/stnud/0847 1 0.0017232894897460938 36 9 1 0.150923490524292 1 0.6161346435546875
dataset/stnud/0848 1 0.0016055107116699219 24 9 1 0.14332866668701172 1 0.35543298721313477
dataset/stnud/0849 1 0.0015957355499267578 18 9 1 0.1430072784423828 1 0.651935338973999
dataset/stnud/0850 1 0.001750946044921875 36 9 1 0.14218759536743164 1 0.4436962604522705
dataset/stnud/0851 1 0.001600027084350586 24 9 1 0.1431577205657959 1 0.3581969738006592
dataset/stnud/0852 1 0.00152587890625 18 7 1 0.14867782592773438 1 0.39354825019836426
dataset/stnud/0853 1 0.0018558502197265625 36 13 1 0.16193675994873047 1 0.8730416297912598
dataset/stnud/0854 1 0.002680063247680664 36 9 1 0.14464592933654785 1 0.36408400535583496
dataset/stnud/0855 1 0.0016541481018066406 30 7 1 0.14379024505615234 1 0.5020046234130859
dataset/stnud/0856 1 0.0018427371978759766 36 9 1 0.14456462860107422 1 0.750288724899292
dataset/stnud/0857 1 0.0015816688537597656 18 9 1 0.14282560348510742 1 0.391338586807251
dataset/stnud/0858 1 0.0017757415771484375 36 9 1 0.14743733406066895 1 0.6778998374938965
dataset/stnud/0859 1 0.0016748905181884766 30 7 1 0.14600729942321777 1 0.3353140354156494
dataset/stnud/0860 1 0.0017268657684326172 30 9 1 0.14607501029968262 1 0.5647945404052734
dataset/stnud/0861 1 0.0017747879028320312 36 9 1 0.1481940746307373 1 0.4622786045074463
dataset/stnud/0862 1 0.001806020736694336 36 9 1 0.14627480506896973 1 0.5095915794372559
dataset/stnud/0863 1 0.0016753673553466797 24 9 1 0.1439225673675537 1 0.5135629177093506
dataset/stnud/0864 1 0.001657724380493164 30 7 1 0.14873361587524414 1 0.31166505813598633
dataset/stnud/0865 1 0.0016982555389404297 30 9 1 0.14482474327087402 1 0.8582983016967773
dataset/stnud/0866 1 0.001714468002319336 30 7 1 0.1412029266357422 1 0.35777854919433594
dataset/stnud/0867 1 0.0016939640045166016 24 9 1 0.14777135848999023 1 0.6577134132385254
dataset/stnud/0868 1 0.0017535686492919922 30 9 1 0.1441056728363037 1 0.6133625507354736
dataset/stnud/0869 1 0.001630544662475586 18 9 1 0.14432716369628906 1 0.37194347381591797
dataset/stnud/0870 1 0.0016961097717285156 30 7 1 0.143294095993042 1 0.31549715995788574
dataset/stnud/0871 1 0.0017502307891845703 30 9 1 0.14329838752746582 1 0.5134308338165283
dataset/stnud/0872 1 0.0015859603881835938 24 9 1 0.14587926864624023 1 0.6522922515869141
dataset/stnud/0873 1 0.0016338825225830078 24 7 1 0.13650131225585938 1 0.3079686164855957
dataset/stnud/0874 1 0.0016450881958007812 24 9 1 0.1507117748260498 1 0.5897195339202881
dataset/stnud/0875 1 0.0018227100372314453 36 9 1 0.1435699462890625 1 0.4498775005340576
dataset/stnud/0876 1 0.002898693084716797 36 13 1 0.1458113193511963 1 0.8767430782318115
dataset/stnud/0877 1 0.001619577407836914 18 7 1 0.14128971099853516 1 0.33771538734436035
dataset/stnud/0878 1 0.0018045902252197266 30 9 1 0.14533090591430664 1 0.7507245540618896
dataset/stnud/0879 1 0.001756429672241211 30 9 1 0.15958428382873535 1 0.6059300899505615
dataset/stnud/0880 1 0.001829385757446289 30 9 1 0.14947009086608887 1 0.5262374877929688
dataset/stnud/0881 1 0.001672506332397461 24 9 1 0.14290070533752441 1 0.512570858001709
dataset/stnud/0882 1 0.0016291141510009766 24 9 1 0.14712762832641602 1 0.3347649574279785
dataset/stnud/0883 1 0.0018620491027832031 36 9 1 0.14319157600402832 1 0.8336334228515625
dataset/stnud/0884 1 0.0015788078308105469 24 7 1 0.14181137084960938 1 0.5110189914703369
dataset/stnud/0885 1 0.0018160343170166016 36 9 1 0.14362621307373047 1 0.772458553314209
dataset/stnud/0886 1 0.0015835762023925781 24 9 1 0.15157771110534668 1 0.5173740386962891
dataset/stnud/0887 1 0.0015642642974853516 18 9 1 0.14630722999572754 1 0.7056217193603516
dataset/stnud/0888 1 0.0017368793487548828 18 9 1 0.1518096923828125 1 0.5072698593139648
dataset/stnud/0889 1 0.0016021728515625 24 7 1 0.14155983924865723 1 0.29129862785339355
dataset/stnud/0890 1 0.0015871524810791016 18 9 1 0.147752046585083 1 0.4525325298309326
dataset/stnud/0891 1 0.0015671253204345703 24 7 1 0.14217686653137207 1 0.345416784286499
dataset/stnud/0892 1 0.0017018318176269531 30 9 1 0.1455540657043457 1 0.40946316719055176
dataset/stnud/0893 1 0.0024118423461914062 24 7 1 0.14558625221252441 1 0.44794392585754395
dataset/stnud/0894 1 0.0017952919006347656 36 9 1 0.1425333023071289 1 0.4398176670074463
dataset/stnud/0895 1 0.0016412734985351562 24 9 1 0.1449565887451172 1 0.5102198123931885
dataset/stnud/0896 1 0.0017223358154296875 30 9 1 0.14672160148620605 1 0.6890432834625244
dataset/stnud/0897 1 0.0017511844635009766 30 9 1 0.14477181434631348 1 0.39084601402282715
dataset/stnud/0898 1 0.0017704963684082031 30 9 1 0.14703583717346191 1 0.5925304889678955
dataset/stnud/0899 1 0.0017125606536865234 30 9 1 0.16230988502502441 1 0.44750261306762695
dataset/stnud/0900 1 0.001833200454711914 36 9 1 0.14813828468322754 1 0.881425142288208
dataset/stnud/0901 1 0.0015606880187988281 18 9 1 0.14180874824523926 1 0.5405557155609131
dataset/stnud/0902 1 0.0017285346984863281 30 9 1 0.15021371841430664 1 0.5590100288391113
dataset/stnud/0903 1 0.001825094223022461 36 9 1 0.14766478538513184 1 0.5203711986541748
dataset/stnud/0904 1 0.0015721321105957031 18 7 1 0.1490335464477539 1 0.4206569194793701
dataset/stnud/0905 1 0.0017037391662597656 24 9 1 0.14458584785461426 1 0.44930291175842285
dataset/stnud/0906 1 0.0026166439056396484 36 9 1 0.14444637298583984 1 0.5173850059509277
dataset/stnud/0907 1 0.001699686050415039 24 9 1 0.14415717124938965 1 0.37198376655578613
dataset/stnud/0908 1 0.0017538070678710938 36 9 1 0.14315199851989746 1 0.5969400405883789
dataset/stnud/0909 1 0.0019702911376953125 36 9 1 0.14408421516418457 1 0.5228462219238281
dataset/stnud/0910 1 0.001539468765258789 18 7 1 0.1416943073272705 1 0.3281426429748535
dataset/stnud/0911 1 0.0018303394317626953 36 9 1 0.14318609237670898 1 0.6345977783203125
dataset/stnud/0912 1 0.0018885135650634766 36 9 1 0.14587903022766113 1 0.47231292724609375
dataset/stnud/0913 1 0.0017931461334228516 36 9 1 0.14321112632751465 1 0.9322223663330078
dataset/stnud/0914 1 0.0016820430755615234 30 9 1 0.15072369575500488 1 0.5094268321990967
dataset/stnud/0915 1 0.001631021499633789 30 9 1 0.14058971405029297 1 0.4192979335784912
dataset/stnud/0916 1 0.0017070770263671875 30 9 1 0.15508294105529785 1 0.4927966594696045
dataset/stnud/0917 1 0.0016078948974609375 24 7 1 0.1427011489868164 1 0.4331803321838379
dataset/stnud/0918 1 0.0017969608306884766 36 9 1 0.14449167251586914 1 0.40081286430358887
dataset/stnud/0919 1 0.002970457077026367 36 9 1 0.14326024055480957 1 0.45570826530456543
dataset/stnud/0920 1 0.001550436019897461 18 7 1 0.14159011840820312 1 0.38543128967285156
dataset/stnud/0921 1 0.0016598701477050781 24 9 1 0.14558935165405273 1 0.7791576385498047
dataset/stnud/0922 1 0.00162506103515625 24 9 1 0.14654994010925293 1 0.4051353931427002
dataset/stnud/0923 1 0.0017910003662109375 30 9 1 0.14250826835632324 1 0.7602427005767822
dataset/stnud/0924 1 0.0017879009246826172 30 9 1 0.1460270881652832 1 1.2896816730499268
dataset/stnud/0925 1 0.0016837120056152344 24 9 1 0.14366412162780762 1 0.6148886680603027
dataset/stnud/0926 1 0.0016589164733886719 24 9 1 0.1439204216003418 1 0.39082908630371094
dataset/stnud/0927 1 0.0026946067810058594 30 9 1 0.15347886085510254 1 0.40178990364074707
dataset/stnud/0928 1 0.0017981529235839844 36 9 1 0.14418482780456543 1 0.8542795181274414
dataset/stnud/0929 1 0.0017209053039550781 30 9 1 0.15124249458312988 1 0.43317604064941406
dataset/stnud/0930 1 0.0018465518951416016 36 9 1 0.14684748649597168 1 0.642183780670166
dataset/stnud/0931 1 0.0017540454864501953 30 9 1 0.1430215835571289 1 0.7007875442504883
dataset/stnud/0932 1 0.0017578601837158203 30 9 1 0.14266037940979004 1 0.5036416053771973
dataset/stnud/0933 1 0.0016465187072753906 24 9 1 0.15602517127990723 1 0.3717763423919678
dataset/stnud/0934 1 0.0017592906951904297 30 9 1 0.14258193969726562 1 0.6637427806854248
dataset/stnud/0935 1 0.0016102790832519531 30 9 1 0.14235401153564453 1 0.3082404136657715
dataset/stnud/0936 1 0.0018398761749267578 36 9 1 0.15472960472106934 1 1.6610043048858643
dataset/stnud/0937 1 0.0016891956329345703 30 9 1 0.15216612815856934 1 0.35773587226867676
dataset/stnud/0938 1 0.0016589164733886719 30 9 1 0.1422717571258545 1 0.5976600646972656
dataset/stnud/0939 1 0.0017499923706054688 30 9 1 0.14600539207458496 1 0.5684823989868164
dataset/stnud/0940 1 0.0016870498657226562 30 9 1 0.1584162712097168 1 0.6522090435028076
dataset/stnud/0941 1 0.0017368793487548828 36 9 1 0.1495349407196045 1 0.8023838996887207
dataset/stnud/0942 1 0.0017974376678466797 36 9 1 0.13873004913330078 1 0.5928335189819336
dataset/stnud/0943 1 0.0017490386962890625 36 9 1 0.1413867473602295 1 0.5380399227142334
dataset/stnud/0944 1 0.0017821788787841797 36 9 1 0.14688634872436523 1 0.43174076080322266
dataset/stnud/0945 1 0.0014705657958984375 18 7 1 0.14911437034606934 1 0.3651909828186035
dataset/stnud/0946 1 0.0017058849334716797 30 9 1 0.14506888389587402 1 0.5615501403808594
dataset/stnud/0947 1 0.0017483234405517578 24 9 1 0.14438772201538086 1 0.49696969985961914
dataset/stnud/0948 1 0.0017709732055664062 36 9 1 0.14374136924743652 1 0.33490753173828125
dataset/stnud/0949 1 0.0017397403717041016 30 9 1 0.13681817054748535 1 0.49837684631347656
dataset/stnud/0950 1 0.0017201900482177734 30 9 1 0.1468031406402588 1 0.5368850231170654
dataset/stnud/0951 1 0.0017032623291015625 30 9 1 0.14820075035095215 1 0.381115198135376
dataset/stnud/0952 1 0.0016472339630126953 24 9 1 0.14226579666137695 1 0.5402748584747314
dataset/stnud/0953 1 0.0018401145935058594 36 9 1 0.13488531112670898 1 0.8759994506835938
dataset/stnud/0954 1 0.0016696453094482422 24 9 1 0.142578125 1 0.3649556636810303
dataset/stnud/0955 1 0.0017957687377929688 36 9 1 0.13736414909362793 1 0.3989849090576172
dataset/stnud/0956 1 0.0017879009246826172 36 9 1 0.1446983814239502 1 0.7792699337005615
dataset/stnud/0957 1 0.001760244369506836 36 9 1 0.14326095581054688 1 0.8970723152160645
dataset/stnud/0958 1 0.0018558502197265625 24 11 1 0.14339375495910645 1 0.6159310340881348
dataset/stnud/0959 1 0.0018630027770996094 36 9 1 0.1460728645324707 1 0.6313915252685547
dataset/stnud/0960 1 0.0017294883728027344 24 7 1 0.15045952796936035 1 0.29345226287841797
dataset/stnud/0961 1 0.0017511844635009766 36 9 1 0.14834165573120117 1 0.7583110332489014
dataset/stnud/0962 1 0.0016868114471435547 24 9 1 0.1420135498046875 1 0.3888070583343506
dataset/stnud/0963 1 0.0016379356384277344 24 9 1 0.14304304122924805 1 0.847891092300415
dataset/stnud/0964 1 0.0015909671783447266 18 7 1 0.14235758781433105 1 0.2940385341644287
dataset/stnud/0965 1 0.001767873764038086 24 9 1 0.14141464233398438 1 0.4677138328552246
dataset/stnud/0966 1 0.001695394515991211 30 7 1 0.13444972038269043 1 0.3983762264251709
dataset/stnud/0967 1 0.0015947818756103516 24 7 1 0.158247709274292 1 0.30579495429992676
dataset/stnud/0968 1 0.001781463623046875 36 9 1 0.15597176551818848 1 0.5411736965179443
dataset/stnud/0969 1 0.001682281494140625 30 9 1 0.14414501190185547 1 0.7681491374969482
dataset/stnud/0970 1 0.0018401145935058594 36 9 1 0.14573264122009277 1 0.6123762130737305
dataset/stnud/0971 1 0.0017442703247070312 30 9 1 0.1480100154876709 1 0.5392134189605713
dataset/stnud/0972 1 0.0016474723815917969 24 9 1 0.1582047939300537 1 0.3617217540740967
dataset/stnud/0973 1 0.0017533302307128906 30 9 1 0.14899611473083496 1 0.9790570735931396
dataset/stnud/0974 1 0.0017139911651611328 36 9 1 0.146620512008667 1 0.40791821479797363
dataset/stnud/0975 1 0.0017099380493164062 30 9 1 0.1446971893310547 1 0.783907413482666
dataset/stnud/0976 1 0.002446413040161133 18 7 1 0.1511242389678955 1 0.313612699508667
dataset/stnud/0977 1 0.001600027084350586 24 7 1 0.16002440452575684 1 0.34545421600341797
dataset/stnud/0978 1 0.0019032955169677734 36 9 1 0.14825010299682617 1 0.48439955711364746
dataset/stnud/0979 1 0.0017368793487548828 36 9 1 0.14905500411987305 1 0.5194752216339111
dataset/stnud/0980 1 0.0016384124755859375 24 7 1 0.14814019203186035 1 0.4559438228607178
dataset/stnud/0981 1 0.0017552375793457031 30 9 1 0.14613699913024902 1 0.844290018081665
dataset/stnud/0982 1 0.0017390251159667969 30 7 1 0.15251660346984863 1 0.415513277053833
dataset/stnud/0983 1 0.00173187255859375 24 7 1 0.14395856857299805 1 0.2861170768737793
dataset/stnud/0984 1 0.0017380714416503906 36 9 1 0.14570951461791992 1 0.7823216915130615
dataset/stnud/0985 1 0.0015406608581542969 18 11 1 0.14678025245666504 1 0.5913400650024414
dataset/stnud/0986 1 0.0017566680908203125 30 9 1 0.1434311866760254 1 0.3618326187133789
dataset/stnud/0987 1 0.001749277114868164 36 7 1 0.14427495002746582 1 0.5228095054626465
dataset/stnud/0988 1 0.0016031265258789062 18 9 1 0.14577460289001465 1 0.40548038482666016
dataset/stnud/0989 1 0.0018360614776611328 36 9 1 0.14441561698913574 1 1.0183148384094238
dataset/stnud/0990 1 0.0015687942504882812 24 9 1 0.1455390453338623 1 0.4056723117828369
dataset/stnud/0991 1 0.0017428398132324219 36 9 1 0.14206862449645996 1 0.4409749507904053
dataset/stnud/0992 1 0.0018191337585449219 36 9 1 0.1464390754699707 1 0.9037456512451172
dataset/stnud/0993 1 0.0017747879028320312 36 9 1 0.14720463752746582 1 0.9876139163970947
dataset/stnud/0994 1 0.0016040802001953125 18 9 1 0.1511547565460205 1 0.3324000835418701
dataset/stnud/0995 1 0.0015745162963867188 24 9 1 0.148179292678833 1 0.4760708808898926
dataset/stnud/0996 1 0.0018351078033447266 36 9 1 0.14385390281677246 1 0.5604157447814941
dataset/stnud/0997 1 0.0017170906066894531 30 9 1 0.1453871726989746 1 0.5868651866912842
dataset/stnud/0998 1 0.001880645751953125 36 9 1 0.14495062828063965 1 0.7623376846313477
dataset/stnud/0999 1 0.0018131732940673828 36 9 1 0.14258098602294922 1 0.7659838199615479
dataset/stnud/1000 1 0.001519918441772461 18 5 1 0.1410679817199707 1 0.25273895263671875
