dataset/stnu/0001 1 0.0015189647674560547 36 9 1 0.14475560188293457 1 0.3210303783416748
dataset/stnu/0002 1 0.0015079975128173828 36 9 1 0.1413099765777588 1 0.3178901672363281
dataset/stnu/0003 1 0.0014941692352294922 30 9 1 0.14035701751708984 1 0.2879149913787842
dataset/stnu/0004 1 0.0012862682342529297 18 7 1 0.14616990089416504 1 0.23958301544189453
dataset/stnu/0005 1 0.001257181167602539 18 7 1 0.14219164848327637 1 0.2496030330657959
dataset/stnu/0006 1 0.0013775825500488281 24 9 1 0.1454620361328125 1 0.2836580276489258
dataset/stnu/0007 1 0.001443624496459961 36 9 1 0.14481663703918457 1 0.33224010467529297
dataset/stnu/0008 1 0.0015130043029785156 36 9 1 0.14659786224365234 1 0.3536975383758545
dataset/stnu/0009 1 0.0015969276428222656 36 9 1 0.14577722549438477 1 0.311995267868042
dataset/stnu/0010 1 0.0015332698822021484 36 9 1 0.14086294174194336 1 0.28583812713623047
dataset/stnu/0011 1 0.0015001296997070312 36 9 1 0.15197181701660156 1 0.34358954429626465
dataset/stnu/0012 1 0.001531362533569336 36 9 1 0.14081287384033203 1 0.3336319923400879
dataset/stnu/0013 1 0.0014684200286865234 30 9 1 0.14514374732971191 1 0.2807188034057617
dataset/stnu/0014 1 0.0013051033020019531 24 9 1 0.14075183868408203 1 0.2573368549346924
dataset/stnu/0015 1 0.002355337142944336 30 9 1 0.14253926277160645 1 0.31345367431640625
dataset/stnu/0016 1 0.0014069080352783203 24 9 1 0.14371275901794434 1 0.280472993850708
dataset/stnu/0017 1 0.0015308856964111328 36 9 1 0.14972543716430664 1 0.34436726570129395
dataset/stnu/0018 1 0.0013217926025390625 24 7 1 0.14150476455688477 1 0.27574896812438965
dataset/stnu/0019 1 0.0012998580932617188 18 9 1 0.14435338973999023 1 0.26393795013427734
dataset/stnu/0020 1 0.001451730728149414 24 9 1 0.1419210433959961 1 0.3204624652862549
dataset/stnu/0021 1 0.0014903545379638672 30 7 1 0.14072108268737793 1 0.26281189918518066
dataset/stnu/0022 1 0.0014801025390625 36 7 1 0.1451404094696045 1 0.2553579807281494
dataset/stnu/0023 1 0.0013797283172607422 24 9 1 0.14037489891052246 1 0.27924585342407227
dataset/stnu/0024 1 0.0012543201446533203 18 9 1 0.14536523818969727 1 0.2738766670227051
dataset/stnu/0025 1 0.0015101432800292969 36 9 1 0.15809059143066406 1 0.32992076873779297
dataset/stnu/0026 1 0.0021529197692871094 18 7 1 0.14070630073547363 1 0.23482871055603027
dataset/stnu/0027 1 0.001531839370727539 36 9 1 0.14103174209594727 1 0.3390648365020752
dataset/stnu/0028 1 0.0013768672943115234 24 9 1 0.14292502403259277 1 0.29885005950927734
dataset/stnu/0029 1 0.0012364387512207031 18 5 1 0.14082050323486328 1 0.22839879989624023
dataset/stnu/0030 1 0.001249551773071289 18 7 1 0.14490938186645508 1 0.2723565101623535
dataset/stnu/0031 1 0.0014498233795166016 30 9 1 0.14235806465148926 1 0.31905555725097656
dataset/stnu/0032 1 0.001321554183959961 18 9 1 0.14092779159545898 1 0.3156890869140625
dataset/stnu/0033 1 0.0013053417205810547 18 9 1 0.14440107345581055 1 0.2546555995941162
dataset/stnu/0034 1 0.0015316009521484375 30 9 1 0.14417338371276855 1 0.29198789596557617
dataset/stnu/0035 1 0.0014452934265136719 36 9 1 0.14342403411865234 1 0.28386688232421875
dataset/stnu/0036 1 0.0015079975128173828 36 9 1 0.1408858299255371 1 0.38396215438842773
dataset/stnu/0037 1 0.0014653205871582031 30 9 1 0.14307737350463867 1 0.30753064155578613
dataset/stnu/0038 1 0.0015015602111816406 36 9 1 0.1463484764099121 1 0.3530561923980713
dataset/stnu/0039 1 0.0014374256134033203 18 9 1 0.14634084701538086 1 0.26811838150024414
dataset/stnu/0040 1 0.0016019344329833984 36 9 1 0.14531493186950684 1 0.2850832939147949
dataset/stnu/0041 1 0.0015392303466796875 36 9 1 0.1412365436553955 1 0.3320920467376709
dataset/stnu/0042 1 0.0015180110931396484 36 9 1 0.14658522605895996 1 0.2725982666015625
dataset/stnu/0043 1 0.0013720989227294922 24 7 1 0.14686274528503418 1 0.25616955757141113
dataset/stnu/0044 1 0.0013499259948730469 18 9 1 0.14336395263671875 1 0.2581334114074707
dataset/stnu/0045 1 0.0014553070068359375 30 9 1 0.14256072044372559 1 0.2925417423248291
dataset/stnu/0046 1 0.0015995502471923828 36 9 1 0.14750266075134277 1 0.3092691898345947
dataset/stnu/0047 1 0.0014657974243164062 30 9 1 0.14678215980529785 1 0.2738027572631836
dataset/stnu/0048 1 0.001554250717163086 36 9 1 0.14024591445922852 1 0.31464052200317383
dataset/stnu/0049 1 0.0014493465423583984 30 9 1 0.14663290977478027 1 0.2734813690185547
dataset/stnu/0050 1 0.0014548301696777344 30 9 1 0.1559276580810547 1 0.3007378578186035
dataset/stnu/0051 1 0.0015718936920166016 36 9 1 0.1405482292175293 1 0.3118741512298584
dataset/stnu/0052 1 0.001336812973022461 24 7 1 0.14068055152893066 1 0.2725996971130371
dataset/stnu/0053 1 0.002279996871948242 36 9 1 0.14616823196411133 1 0.2929270267486572
dataset/stnu/0054 1 0.00145721435546875 30 9 1 0.14353466033935547 1 0.27788281440734863
dataset/stnu/0055 1 0.0013005733489990234 18 9 1 0.1411116123199463 1 0.2628507614135742
dataset/stnu/0056 1 0.0015714168548583984 36 9 1 0.14723491668701172 1 0.26918888092041016
dataset/stnu/0057 1 0.0015654563903808594 36 9 1 0.1430680751800537 1 0.33697009086608887
dataset/stnu/0058 1 0.0016019344329833984 36 9 1 0.1422121524810791 1 0.28769421577453613
dataset/stnu/0059 1 0.0012412071228027344 18 7 1 0.14129066467285156 1 0.24599528312683105
dataset/stnu/0060 1 0.0014176368713378906 18 9 1 0.13700056076049805 1 0.26285362243652344
dataset/stnu/0061 1 0.0015263557434082031 36 9 1 0.14300823211669922 1 0.2749974727630615
dataset/stnu/0062 1 0.0014500617980957031 30 7 1 0.14126229286193848 1 0.23867177963256836
dataset/stnu/0063 1 0.001486063003540039 36 9 1 0.14238238334655762 1 0.3145432472229004
dataset/stnu/0064 1 0.0024983882904052734 30 9 1 0.1414191722869873 1 0.3358802795410156
dataset/stnu/0065 1 0.0012865066528320312 18 7 1 0.14021539688110352 1 0.26929235458374023
dataset/stnu/0066 1 0.0011796951293945312 18 7 1 0.1489698886871338 1 0.24441933631896973
dataset/stnu/0067 1 0.0014126300811767578 24 9 1 0.1462411880493164 1 0.2906472682952881
dataset/stnu/0068 1 0.0014629364013671875 30 9 1 0.14172577857971191 1 0.30927324295043945
dataset/stnu/0069 1 0.0015153884887695312 30 9 1 0.1489856243133545 1 0.28586316108703613
dataset/stnu/0070 1 0.0014557838439941406 30 9 1 0.14414691925048828 1 0.2791249752044678
dataset/stnu/0071 1 0.0013151168823242188 24 7 1 0.14390015602111816 1 0.26450634002685547
dataset/stnu/0072 1 0.0014581680297851562 30 9 1 0.1416170597076416 1 0.3304283618927002
dataset/stnu/0073 1 0.0014965534210205078 30 9 1 0.14708614349365234 1 0.2924656867980957
dataset/stnu/0074 1 0.0013778209686279297 24 7 1 0.14281153678894043 1 0.25432324409484863
dataset/stnu/0075 1 0.0014972686767578125 30 9 1 0.1443326473236084 1 0.2616147994995117
dataset/stnu/0076 1 0.001336812973022461 24 9 1 0.1364879608154297 1 0.3085346221923828
dataset/stnu/0077 1 0.0014693737030029297 30 7 1 0.14159369468688965 1 0.26889491081237793
dataset/stnu/0078 1 0.001470804214477539 30 9 1 0.14484858512878418 1 0.3326752185821533
dataset/stnu/0079 1 0.0014913082122802734 30 9 1 0.1398911476135254 1 0.2747218608856201
dataset/stnu/0080 1 0.0012714862823486328 24 5 1 0.14447689056396484 1 0.24390673637390137
dataset/stnu/0081 1 0.0015709400177001953 36 9 1 0.14090752601623535 1 0.3406341075897217
dataset/stnu/0082 1 0.0015709400177001953 36 9 1 0.14043426513671875 1 0.3542037010192871
dataset/stnu/0083 1 0.0014193058013916016 30 7 1 0.14073991775512695 1 0.25167417526245117
dataset/stnu/0084 1 0.001318216323852539 18 9 1 0.14025592803955078 1 0.2558012008666992
dataset/stnu/0085 1 0.0014379024505615234 30 9 1 0.14433932304382324 1 0.2719461917877197
dataset/stnu/0086 1 0.001590728759765625 36 9 1 0.14506316184997559 1 0.2876152992248535
dataset/stnu/0087 1 0.0014598369598388672 24 9 1 0.14537477493286133 1 0.3351714611053467
dataset/stnu/0088 1 0.001531362533569336 36 9 1 0.1453237533569336 1 0.3182084560394287
dataset/stnu/0089 1 0.0014009475708007812 24 9 1 0.14118266105651855 1 0.2660079002380371
dataset/stnu/0090 1 0.0015397071838378906 30 7 1 0.1403212547302246 1 0.2645227909088135
dataset/stnu/0091 1 0.0014581680297851562 30 9 1 0.1417374610900879 1 0.3506002426147461
dataset/stnu/0092 1 0.0013005733489990234 18 9 1 0.14115285873413086 1 0.2848179340362549
dataset/stnu/0093 1 0.0014519691467285156 30 9 1 0.15240478515625 1 0.3637409210205078
dataset/stnu/0094 1 0.0015609264373779297 36 9 1 0.1436295509338379 1 0.2918407917022705
dataset/stnu/0095 1 0.0016744136810302734 36 9 1 0.14377975463867188 1 0.32715582847595215
dataset/stnu/0096 1 0.0013668537139892578 24 7 1 0.1412670612335205 1 0.2360668182373047
dataset/stnu/0097 1 0.0014657974243164062 36 9 1 0.145951509475708 1 0.31111621856689453
dataset/stnu/0098 1 0.0012617111206054688 18 7 1 0.14763998985290527 1 0.2375333309173584
dataset/stnu/0099 1 0.0015916824340820312 36 9 1 0.14550042152404785 1 0.2875041961669922
dataset/stnu/0100 1 0.0016100406646728516 30 9 1 0.142669677734375 1 0.32762694358825684
dataset/stnu/0101 1 0.0015571117401123047 36 9 1 0.1456925868988037 1 0.30362701416015625
dataset/stnu/0102 1 0.002245664596557617 36 9 1 0.14684796333312988 1 0.2833740711212158
dataset/stnu/0103 1 0.0016338825225830078 36 9 1 0.1417694091796875 1 0.3614463806152344
dataset/stnu/0104 1 0.0015048980712890625 30 9 1 0.14715266227722168 1 0.3539001941680908
dataset/stnu/0105 1 0.0013327598571777344 30 7 1 0.14453887939453125 1 0.26683783531188965
dataset/stnu/0106 1 0.0015265941619873047 36 9 1 0.14464688301086426 1 0.29306602478027344
dataset/stnu/0107 1 0.0016112327575683594 36 9 1 0.14111685752868652 1 0.31848621368408203
dataset/stnu/0108 1 0.0015709400177001953 36 9 1 0.15297913551330566 1 0.2850327491760254
dataset/stnu/0109 1 0.00150299072265625 30 9 1 0.13533949851989746 1 0.32561349868774414
dataset/stnu/0110 1 0.0013155937194824219 18 7 1 0.1434319019317627 1 0.24635958671569824
dataset/stnu/0111 1 0.0015587806701660156 36 9 1 0.15067148208618164 1 0.304767370223999
dataset/stnu/0112 1 0.0015337467193603516 24 9 1 0.14456844329833984 1 0.29559779167175293
dataset/stnu/0113 1 0.0015485286712646484 36 9 1 0.14006638526916504 1 0.2915623188018799
dataset/stnu/0114 1 0.0015170574188232422 36 9 1 0.14072823524475098 1 0.31212854385375977
dataset/stnu/0115 1 0.0014023780822753906 24 9 1 0.14244914054870605 1 0.2658677101135254
dataset/stnu/0116 1 0.0014848709106445312 30 9 1 0.14870786666870117 1 0.27556347846984863
dataset/stnu/0117 1 0.001440286636352539 30 9 1 0.15653610229492188 1 0.2872164249420166
dataset/stnu/0118 1 0.002363920211791992 24 9 1 0.1428546905517578 1 0.2615642547607422
dataset/stnu/0119 1 0.0013730525970458984 24 9 1 0.14206433296203613 1 0.2864718437194824
dataset/stnu/0120 1 0.0012891292572021484 18 9 1 0.14190363883972168 1 0.26660776138305664
dataset/stnu/0121 1 0.001409769058227539 24 9 1 0.14409995079040527 1 0.2701692581176758
dataset/stnu/0122 1 0.0015566349029541016 36 9 1 0.14221978187561035 1 0.3564565181732178
dataset/stnu/0123 1 0.0013980865478515625 24 9 1 0.14273786544799805 1 0.26758694648742676
dataset/stnu/0124 1 0.0012543201446533203 18 7 1 0.1429119110107422 1 0.2511887550354004
dataset/stnu/0125 1 0.001440286636352539 30 9 1 0.14550113677978516 1 0.2584223747253418
dataset/stnu/0126 1 0.001466512680053711 36 7 1 0.15105390548706055 1 0.2678520679473877
dataset/stnu/0127 1 0.0014812946319580078 30 9 1 0.14156198501586914 1 0.25997447967529297
dataset/stnu/0128 1 0.0014560222625732422 30 9 1 0.14088129997253418 1 0.299654483795166
dataset/stnu/0129 1 0.0016388893127441406 36 9 1 0.1426534652709961 1 0.2892487049102783
dataset/stnu/0130 1 0.0014262199401855469 24 9 1 0.14273834228515625 1 0.33597564697265625
dataset/stnu/0131 1 0.0013439655303955078 24 7 1 0.1453077793121338 1 0.4167964458465576
dataset/stnu/0132 1 0.0015003681182861328 36 9 1 0.13353967666625977 1 0.33330535888671875
dataset/stnu/0133 1 0.0015056133270263672 36 9 1 0.14138054847717285 1 0.3103156089782715
dataset/stnu/0134 1 0.0015032291412353516 36 7 1 0.1405200958251953 1 0.2507460117340088
dataset/stnu/0135 1 0.0014231204986572266 24 7 1 0.14333248138427734 1 0.24695706367492676
dataset/stnu/0136 1 0.001332998275756836 24 7 1 0.14159464836120605 1 0.2757561206817627
dataset/stnu/0137 1 0.0012943744659423828 18 9 1 0.1412794589996338 1 0.3237607479095459
dataset/stnu/0138 1 0.001565694808959961 36 9 1 0.14316296577453613 1 0.29877543449401855
dataset/stnu/0139 1 0.0014352798461914062 24 9 1 0.14118218421936035 1 0.28584837913513184
dataset/stnu/0140 1 0.0015587806701660156 36 9 1 0.14148449897766113 1 0.34023404121398926
dataset/stnu/0141 1 0.00147247314453125 30 9 1 0.14614462852478027 1 0.2928779125213623
dataset/stnu/0142 1 0.0012869834899902344 24 7 1 0.14076852798461914 1 0.23879051208496094
dataset/stnu/0143 1 0.001645803451538086 36 9 1 0.14235687255859375 1 0.34442710876464844
dataset/stnu/0144 1 0.0012586116790771484 24 7 1 0.14072847366333008 1 0.2593669891357422
dataset/stnu/0145 1 0.002360820770263672 30 9 1 0.14490675926208496 1 0.321688175201416
dataset/stnu/0146 1 0.0013773441314697266 24 9 1 0.14412522315979004 1 0.27520203590393066
dataset/stnu/0147 1 0.0014374256134033203 30 9 1 0.14374995231628418 1 0.3025219440460205
dataset/stnu/0148 1 0.0015568733215332031 36 9 1 0.14100337028503418 1 0.348297119140625
dataset/stnu/0149 1 0.0013196468353271484 18 9 1 0.14669132232666016 1 0.2631707191467285
dataset/stnu/0150 1 0.0014510154724121094 30 9 1 0.14563250541687012 1 0.36029958724975586
dataset/stnu/0151 1 0.0014524459838867188 30 9 1 0.14683151245117188 1 0.2886998653411865
dataset/stnu/0152 1 0.0012869834899902344 18 9 1 0.15163373947143555 1 0.287367582321167
dataset/stnu/0153 1 0.0015070438385009766 36 9 1 0.1423625946044922 1 0.306255578994751
dataset/stnu/0154 1 0.0014514923095703125 30 9 1 0.14238286018371582 1 0.2872812747955322
dataset/stnu/0155 1 0.0015490055084228516 36 9 1 0.14273905754089355 1 0.36147046089172363
dataset/stnu/0156 1 0.0013766288757324219 30 9 1 0.14427924156188965 1 0.3076751232147217
dataset/stnu/0157 1 0.0013666152954101562 30 9 1 0.14383840560913086 1 0.3514745235443115
dataset/stnu/0158 1 0.0016095638275146484 36 9 1 0.142042875289917 1 0.33536529541015625
dataset/stnu/0159 1 0.0015337467193603516 30 9 1 0.1527845859527588 1 0.2760336399078369
dataset/stnu/0160 1 0.001232147216796875 18 9 1 0.14556384086608887 1 0.28214192390441895
dataset/stnu/0161 1 0.0014662742614746094 30 9 1 0.14483880996704102 1 0.3117716312408447
dataset/stnu/0162 1 0.001512289047241211 36 9 1 0.14102506637573242 1 0.28044605255126953
dataset/stnu/0163 1 0.0016050338745117188 36 9 1 0.14380335807800293 1 0.34754395484924316
dataset/stnu/0164 1 0.0015139579772949219 36 9 1 0.14499926567077637 1 0.3542008399963379
dataset/stnu/0165 1 0.0013072490692138672 18 7 1 0.14154767990112305 1 0.27117443084716797
dataset/stnu/0166 1 0.001432180404663086 30 7 1 0.14212846755981445 1 0.2521355152130127
dataset/stnu/0167 1 0.0012371540069580078 18 7 1 0.14197659492492676 1 0.25057172775268555
dataset/stnu/0168 1 0.001552581787109375 36 9 1 0.14144492149353027 1 0.34696483612060547
dataset/stnu/0169 1 0.0015239715576171875 36 7 1 0.14607715606689453 1 0.2699613571166992
dataset/stnu/0170 1 0.0014719963073730469 30 9 1 0.14721250534057617 1 0.30279064178466797
dataset/stnu/0171 1 0.0014410018920898438 30 9 1 0.1498851776123047 1 0.2847318649291992
dataset/stnu/0172 1 0.0017211437225341797 36 9 1 0.14693737030029297 1 0.3059101104736328
dataset/stnu/0173 1 0.0014874935150146484 36 9 1 0.1531972885131836 1 0.29401254653930664
dataset/stnu/0174 1 0.0014660358428955078 36 7 1 0.14402389526367188 1 0.259188175201416
dataset/stnu/0175 1 0.00130462646484375 18 9 1 0.14358854293823242 1 0.2758059501647949
dataset/stnu/0176 1 0.0014815330505371094 30 9 1 0.15284204483032227 1 0.33873438835144043
dataset/stnu/0177 1 0.0012845993041992188 18 7 1 0.1415863037109375 1 0.24638581275939941
dataset/stnu/0178 1 0.001644134521484375 30 9 1 0.15196943283081055 1 0.3299987316131592
dataset/stnu/0179 1 0.0014293193817138672 30 9 1 0.14457225799560547 1 0.2774784564971924
dataset/stnu/0180 1 0.0014824867248535156 30 9 1 0.1363236904144287 1 0.2661621570587158
dataset/stnu/0181 1 0.0014395713806152344 30 9 1 0.14488625526428223 1 0.340789794921875
dataset/stnu/0182 1 0.0012366771697998047 18 7 1 0.1441974639892578 1 0.25705432891845703
dataset/stnu/0183 1 0.0015745162963867188 36 9 1 0.14525532722473145 1 0.24643325805664062
dataset/stnu/0184 1 0.001361846923828125 24 9 1 0.13864374160766602 1 0.2614929676055908
dataset/stnu/0185 1 0.0013806819915771484 30 9 1 0.15259194374084473 1 0.28560805320739746
dataset/stnu/0186 1 0.001585245132446289 36 9 1 0.1431257724761963 1 0.3534059524536133
dataset/stnu/0187 1 0.0013799667358398438 30 9 1 0.14780235290527344 1 0.2649726867675781
dataset/stnu/0188 1 0.0014448165893554688 36 9 1 0.14707589149475098 1 0.32445573806762695
dataset/stnu/0189 1 0.001435995101928711 36 9 1 0.14280462265014648 1 0.30319666862487793
dataset/stnu/0190 1 0.0015583038330078125 30 9 1 0.14345002174377441 1 0.3177032470703125
dataset/stnu/0191 1 0.0014755725860595703 30 9 1 0.15432190895080566 1 0.3266623020172119
dataset/stnu/0192 1 0.0014984607696533203 36 9 1 0.14503741264343262 1 0.28603649139404297
dataset/stnu/0193 1 0.0015735626220703125 36 9 1 0.14127874374389648 1 0.30782341957092285
dataset/stnu/0194 1 0.0014641284942626953 30 9 1 0.14270877838134766 1 0.30672478675842285
dataset/stnu/0195 1 0.0015192031860351562 36 9 1 0.14217114448547363 1 0.285900354385376
dataset/stnu/0196 1 0.0013813972473144531 24 9 1 0.14141273498535156 1 0.3008112907409668
dataset/stnu/0197 1 0.0014505386352539062 24 9 1 0.14122366905212402 1 0.26970410346984863
dataset/stnu/0198 1 0.0015437602996826172 36 7 1 0.1460719108581543 1 0.27928709983825684
dataset/stnu/0199 1 0.0022361278533935547 30 9 1 0.14220929145812988 1 0.2645087242126465
dataset/stnu/0200 1 0.001455068588256836 30 9 1 0.14296197891235352 1 0.2651185989379883
dataset/stnu/0201 1 0.0015456676483154297 36 9 1 0.14566254615783691 1 0.2961580753326416
dataset/stnu/0202 1 0.0013117790222167969 24 9 1 0.14791011810302734 1 0.25049853324890137
dataset/stnu/0203 1 0.0015075206756591797 36 9 1 0.13981986045837402 1 0.35353803634643555
dataset/stnu/0204 1 0.0015234947204589844 36 9 1 0.14150452613830566 1 0.3327748775482178
dataset/stnu/0205 1 0.0014264583587646484 30 9 1 0.14642643928527832 1 0.30890536308288574
dataset/stnu/0206 1 0.0014884471893310547 30 9 1 0.14514851570129395 1 0.36948180198669434
dataset/stnu/0207 1 0.0014805793762207031 30 9 1 0.1431121826171875 1 0.3068869113922119
dataset/stnu/0208 1 0.0016078948974609375 36 9 1 0.14046907424926758 1 0.3142697811126709
dataset/stnu/0209 1 0.0015513896942138672 30 9 1 0.1429598331451416 1 0.31150341033935547
dataset/stnu/0210 1 0.0014007091522216797 24 9 1 0.14396214485168457 1 0.27188730239868164
dataset/stnu/0211 1 0.0013301372528076172 18 7 1 0.14356374740600586 1 0.26431727409362793
dataset/stnu/0212 1 0.001453399658203125 30 9 1 0.14169907569885254 1 0.3053317070007324
dataset/stnu/0213 1 0.0014505386352539062 24 9 1 0.14185452461242676 1 0.3233158588409424
dataset/stnu/0214 1 0.0012133121490478516 18 5 1 0.1413404941558838 1 0.21659016609191895
dataset/stnu/0215 1 0.001308441162109375 18 9 1 0.14500141143798828 1 0.2729179859161377
dataset/stnu/0216 1 0.0014111995697021484 30 9 1 0.14495158195495605 1 0.30187559127807617
dataset/stnu/0217 1 0.0016045570373535156 30 9 1 0.1403510570526123 1 0.3305823802947998
dataset/stnu/0218 1 0.002446889877319336 36 9 1 0.14229202270507812 1 0.34064674377441406
dataset/stnu/0219 1 0.0015017986297607422 30 9 1 0.14723682403564453 1 0.27037954330444336
dataset/stnu/0220 1 0.0014314651489257812 24 9 1 0.1507587432861328 1 0.32795166969299316
dataset/stnu/0221 1 0.001468658447265625 30 9 1 0.14107012748718262 1 0.29291796684265137
dataset/stnu/0222 1 0.0015118122100830078 30 9 1 0.14389967918395996 1 0.2675480842590332
dataset/stnu/0223 1 0.0014064311981201172 24 9 1 0.1425492763519287 1 0.3030836582183838
dataset/stnu/0224 1 0.0014116764068603516 30 7 1 0.15418529510498047 1 0.2555050849914551
dataset/stnu/0225 1 0.0016188621520996094 36 9 1 0.14642596244812012 1 0.2935781478881836
dataset/stnu/0226 1 0.0012862682342529297 24 9 1 0.14316511154174805 1 0.2914309501647949
dataset/stnu/0227 1 0.0014829635620117188 30 9 1 0.14070606231689453 1 0.3051133155822754
dataset/stnu/0228 1 0.0015075206756591797 30 9 1 0.14039158821105957 1 0.30974745750427246
dataset/stnu/0229 1 0.0011932849884033203 18 7 1 0.14706683158874512 1 0.2513148784637451
dataset/stnu/0230 1 0.0013957023620605469 30 9 1 0.1468057632446289 1 0.2826390266418457
dataset/stnu/0231 1 0.0014865398406982422 36 9 1 0.14359021186828613 1 0.2705354690551758
dataset/stnu/0232 1 0.0015273094177246094 36 9 1 0.14189982414245605 1 0.325042724609375
dataset/stnu/0233 1 0.001203298568725586 18 7 1 0.14772939682006836 1 0.24890565872192383
dataset/stnu/0234 1 0.002609729766845703 36 9 1 0.14183831214904785 1 0.34229135513305664
dataset/stnu/0235 1 0.001432180404663086 30 9 1 0.14147186279296875 1 0.27015161514282227
dataset/stnu/0236 1 0.0015511512756347656 36 9 1 0.14068031311035156 1 0.28011488914489746
dataset/stnu/0237 1 0.0014011859893798828 30 9 1 0.14255452156066895 1 0.32379889488220215
dataset/stnu/0238 1 0.001522064208984375 36 9 1 0.14198756217956543 1 0.3088696002960205
dataset/stnu/0239 1 0.0016145706176757812 36 9 1 0.1431562900543213 1 0.3112654685974121
dataset/stnu/0240 1 0.001219034194946289 18 5 1 0.14762592315673828 1 0.23054885864257812
dataset/stnu/0241 1 0.0015108585357666016 30 9 1 0.14207243919372559 1 0.2794191837310791
dataset/stnu/0242 1 0.0015244483947753906 36 7 1 0.14170002937316895 1 0.2579491138458252
dataset/stnu/0243 1 0.0015137195587158203 36 9 1 0.13587093353271484 1 0.3407301902770996
dataset/stnu/0244 1 0.0013408660888671875 24 7 1 0.14397859573364258 1 0.26006579399108887
dataset/stnu/0245 1 0.0023114681243896484 30 9 1 0.14287018775939941 1 0.27944350242614746
dataset/stnu/0246 1 0.0014204978942871094 30 9 1 0.14116477966308594 1 0.2894260883331299
dataset/stnu/0247 1 0.0015933513641357422 36 9 1 0.14104056358337402 1 0.3577568531036377
dataset/stnu/0248 1 0.0014307498931884766 30 7 1 0.1440906524658203 1 0.25077247619628906
dataset/stnu/0249 1 0.0014994144439697266 30 9 1 0.14049243927001953 1 0.28173828125
dataset/stnu/0250 1 0.0014796257019042969 36 7 1 0.14553284645080566 1 0.25646185874938965
dataset/stnu/0251 1 0.001428842544555664 24 7 1 0.14194679260253906 1 0.2552928924560547
dataset/stnu/0252 1 0.0015037059783935547 36 9 1 0.14109301567077637 1 0.3606135845184326
dataset/stnu/0253 1 0.0014908313751220703 36 9 1 0.14026165008544922 1 0.3404405117034912
dataset/stnu/0254 1 0.0015094280242919922 36 9 1 0.1555473804473877 1 0.30397891998291016
dataset/stnu/0255 1 0.0013480186462402344 18 9 1 0.13332724571228027 1 0.2633183002471924
dataset/stnu/0256 1 0.002099752426147461 18 7 1 0.15805554389953613 1 0.23962688446044922
dataset/stnu/0257 1 0.0013098716735839844 18 9 1 0.1454157829284668 1 0.2959580421447754
dataset/stnu/0258 1 0.0013775825500488281 24 9 1 0.14442062377929688 1 0.40793681144714355
dataset/stnu/0259 1 0.0015366077423095703 36 9 1 0.14185595512390137 1 0.3022310733795166
dataset/stnu/0260 1 0.0013186931610107422 18 7 1 0.14136433601379395 1 0.24596214294433594
dataset/stnu/0261 1 0.0013401508331298828 18 9 1 0.14051032066345215 1 0.30295419692993164
dataset/stnu/0262 1 0.0015177726745605469 36 9 1 0.1439528465270996 1 0.29483890533447266
dataset/stnu/0263 1 0.0015537738800048828 36 9 1 0.13970041275024414 1 0.28977155685424805
dataset/stnu/0264 1 0.0012977123260498047 18 9 1 0.1395552158355713 1 0.28501081466674805
dataset/stnu/0265 1 0.001264810562133789 18 7 1 0.1455552577972412 1 0.24567627906799316
dataset/stnu/0266 1 0.0014564990997314453 30 9 1 0.15270209312438965 1 0.291698694229126
dataset/stnu/0267 1 0.0022459030151367188 18 9 1 0.1440267562866211 1 0.27733373641967773
dataset/stnu/0268 1 0.0015649795532226562 36 9 1 0.13885974884033203 1 0.29628467559814453
dataset/stnu/0269 1 0.0015132427215576172 36 9 1 0.14077115058898926 1 0.2797729969024658
dataset/stnu/0270 1 0.0014619827270507812 30 9 1 0.14432406425476074 1 0.3348124027252197
dataset/stnu/0271 1 0.0014865398406982422 30 9 1 0.1414046287536621 1 0.2789578437805176
dataset/stnu/0272 1 0.0014927387237548828 36 9 1 0.14452528953552246 1 0.33173036575317383
dataset/stnu/0273 1 0.0013651847839355469 24 7 1 0.15045714378356934 1 0.2541804313659668
dataset/stnu/0274 1 0.0014827251434326172 36 7 1 0.1440579891204834 1 0.2615926265716553
dataset/stnu/0275 1 0.0014159679412841797 24 7 1 0.14691376686096191 1 0.24790382385253906
dataset/stnu/0276 1 0.0015003681182861328 30 9 1 0.14516782760620117 1 0.35601115226745605
dataset/stnu/0277 1 0.0014195442199707031 24 9 1 0.14530301094055176 1 0.2635152339935303
dataset/stnu/0278 1 0.0022373199462890625 24 9 1 0.1407780647277832 1 0.30257320404052734
dataset/stnu/0279 1 0.0015368461608886719 36 9 1 0.14231228828430176 1 0.2922477722167969
dataset/stnu/0280 1 0.0014998912811279297 36 9 1 0.143754243850708 1 0.2785680294036865
dataset/stnu/0281 1 0.0015974044799804688 36 9 1 0.1426093578338623 1 0.32935023307800293
dataset/stnu/0282 1 0.0012733936309814453 18 7 1 0.1381983757019043 1 0.24868416786193848
dataset/stnu/0283 1 0.0012998580932617188 18 9 1 0.15632367134094238 1 0.2751500606536865
dataset/stnu/0284 1 0.0014281272888183594 30 9 1 0.14161467552185059 1 0.33704543113708496
dataset/stnu/0285 1 0.0014150142669677734 30 7 1 0.14035916328430176 1 0.24844646453857422
dataset/stnu/0286 1 0.0014846324920654297 36 9 1 0.14280414581298828 1 0.2973768711090088
dataset/stnu/0287 1 0.0012438297271728516 18 7 1 0.1433277130126953 1 0.23401355743408203
dataset/stnu/0288 1 0.0012307167053222656 18 7 1 0.1432492733001709 1 0.2413313388824463
dataset/stnu/0289 1 0.0014667510986328125 30 7 1 0.14440560340881348 1 0.25293493270874023
dataset/stnu/0290 1 0.0012738704681396484 18 7 1 0.1464550495147705 1 0.24670886993408203
dataset/stnu/0291 1 0.0014827251434326172 30 9 1 0.13439631462097168 1 0.3052358627319336
dataset/stnu/0292 1 0.001535177230834961 36 9 1 0.1477649211883545 1 0.3282206058502197
dataset/stnu/0293 1 0.0012922286987304688 18 9 1 0.14622282981872559 1 0.25649571418762207
dataset/stnu/0294 1 0.0014548301696777344 30 9 1 0.14117002487182617 1 0.31054043769836426
dataset/stnu/0295 1 0.0013914108276367188 24 9 1 0.1405811309814453 1 0.29329872131347656
dataset/stnu/0296 1 0.0014100074768066406 30 7 1 0.14753937721252441 1 0.26152682304382324
dataset/stnu/0297 1 0.0014870166778564453 24 9 1 0.14802956581115723 1 0.26785778999328613
dataset/stnu/0298 1 0.0015041828155517578 36 9 1 0.14128470420837402 1 0.27392125129699707
dataset/stnu/0299 1 0.0015180110931396484 36 7 1 0.15419363975524902 1 0.24783730506896973
dataset/stnu/0300 1 0.0013325214385986328 30 7 1 0.1535639762878418 1 0.27445292472839355
dataset/stnu/0301 1 0.001409769058227539 24 9 1 0.13921189308166504 1 0.2847263813018799
dataset/stnu/0302 1 0.0013115406036376953 18 5 1 0.14710736274719238 1 0.23235559463500977
dataset/stnu/0303 1 0.0014851093292236328 36 9 1 0.14496350288391113 1 0.2949807643890381
dataset/stnu/0304 1 0.0014569759368896484 30 9 1 0.1457831859588623 1 0.3460874557495117
dataset/stnu/0305 1 0.0015194416046142578 36 7 1 0.14181852340698242 1 0.26279759407043457
dataset/stnu/0306 1 0.0014462471008300781 30 9 1 0.1427452564239502 1 0.30011463165283203
dataset/stnu/0307 1 0.0014488697052001953 30 9 1 0.14262175559997559 1 0.2938251495361328
dataset/stnu/0308 1 0.001527547836303711 36 9 1 0.14185190200805664 1 0.28948140144348145
dataset/stnu/0309 1 0.0013859272003173828 24 9 1 0.14389634132385254 1 0.27896928787231445
dataset/stnu/0310 1 0.002156972885131836 24 9 1 0.13964390754699707 1 0.2647428512573242
dataset/stnu/0311 1 0.0014774799346923828 30 9 1 0.13761186599731445 1 0.27839136123657227
dataset/stnu/0312 1 0.0015878677368164062 36 9 1 0.13918733596801758 1 0.28941965103149414
dataset/stnu/0313 1 0.0014646053314208984 30 9 1 0.14575982093811035 1 0.27322983741760254
dataset/stnu/0314 1 0.0013980865478515625 24 9 1 0.13960742950439453 1 0.2522318363189697
dataset/stnu/0315 1 0.0012135505676269531 18 7 1 0.14190173149108887 1 0.25553369522094727
dataset/stnu/0316 1 0.001455068588256836 24 9 1 0.15050745010375977 1 0.2896463871002197
dataset/stnu/0317 1 0.0014116764068603516 24 9 1 0.14084291458129883 1 0.28722548484802246
dataset/stnu/0318 1 0.0014829635620117188 36 9 1 0.14763712882995605 1 0.32832932472229004
dataset/stnu/0319 1 0.0013072490692138672 18 7 1 0.14713525772094727 1 0.24733853340148926
dataset/stnu/0320 1 0.0012493133544921875 18 7 1 0.14336180686950684 1 0.2513298988342285
dataset/stnu/0321 1 0.0013399124145507812 24 9 1 0.141310453414917 1 0.2750568389892578
dataset/stnu/0322 1 0.0012683868408203125 18 7 1 0.14125657081604004 1 0.25029897689819336
dataset/stnu/0323 1 0.0015742778778076172 36 9 1 0.13891220092773438 1 0.31079530715942383
dataset/stnu/0324 1 0.0014510154724121094 30 9 1 0.14046621322631836 1 0.3041341304779053
dataset/stnu/0325 1 0.0015339851379394531 36 9 1 0.1476297378540039 1 0.30565500259399414
dataset/stnu/0326 1 0.0015180110931396484 36 9 1 0.14442086219787598 1 0.36032819747924805
dataset/stnu/0327 1 0.0013933181762695312 24 9 1 0.15192675590515137 1 0.2647511959075928
dataset/stnu/0328 1 0.0015232563018798828 30 9 1 0.14682984352111816 1 0.2659282684326172
dataset/stnu/0329 1 0.0012896060943603516 24 9 1 0.13944554328918457 1 0.2665231227874756
dataset/stnu/0330 1 0.0012688636779785156 18 9 1 0.1553194522857666 1 0.27172064781188965
dataset/stnu/0331 1 0.001341104507446289 24 7 1 0.1403028964996338 1 0.26103782653808594
dataset/stnu/0332 1 0.0012917518615722656 18 7 1 0.1425173282623291 1 0.2644517421722412
dataset/stnu/0333 1 0.0012943744659423828 18 9 1 0.1439523696899414 1 0.27361559867858887
dataset/stnu/0334 1 0.0014653205871582031 30 9 1 0.1439361572265625 1 0.2857334613800049
dataset/stnu/0335 1 0.0015268325805664062 36 9 1 0.13937878608703613 1 0.2777996063232422
dataset/stnu/0336 1 0.0014922618865966797 36 9 1 0.14580583572387695 1 0.28403306007385254
dataset/stnu/0337 1 0.001657724380493164 30 9 1 0.14830231666564941 1 0.2961714267730713
dataset/stnu/0338 1 0.0013310909271240234 18 9 1 0.1501150131225586 1 0.2663843631744385
dataset/stnu/0339 1 0.0016140937805175781 36 9 1 0.14190387725830078 1 0.3020186424255371
dataset/stnu/0340 1 0.0012240409851074219 18 9 1 0.1432020664215088 1 0.2558615207672119
dataset/stnu/0341 1 0.001529693603515625 30 9 1 0.1433720588684082 1 0.34436869621276855
dataset/stnu/0342 1 0.0013821125030517578 18 7 1 0.13989806175231934 1 0.2530395984649658
dataset/stnu/0343 1 0.0021767616271972656 30 7 1 0.1369304656982422 1 0.25017452239990234
dataset/stnu/0344 1 0.0014317035675048828 30 9 1 0.14287185668945312 1 0.2708323001861572
dataset/stnu/0345 1 0.001466989517211914 30 9 1 0.14600396156311035 1 0.34528350830078125
dataset/stnu/0346 1 0.001447916030883789 30 9 1 0.14217710494995117 1 0.29166245460510254
dataset/stnu/0347 1 0.0015292167663574219 36 9 1 0.14484691619873047 1 0.3539748191833496
dataset/stnu/0348 1 0.0014870166778564453 30 9 1 0.14560604095458984 1 0.3012065887451172
dataset/stnu/0349 1 0.0013995170593261719 24 9 1 0.13989710807800293 1 0.3128354549407959
dataset/stnu/0350 1 0.001501321792602539 30 9 1 0.13971710205078125 1 0.35495829582214355
dataset/stnu/0351 1 0.001382589340209961 24 9 1 0.14103484153747559 1 0.32630395889282227
dataset/stnu/0352 1 0.0016818046569824219 36 9 1 0.141709566116333 1 0.3557713031768799
dataset/stnu/0353 1 0.0014638900756835938 36 9 1 0.14060616493225098 1 0.32575273513793945
dataset/stnu/0354 1 0.0016624927520751953 30 9 1 0.1481783390045166 1 0.2858757972717285
dataset/stnu/0355 1 0.0012178421020507812 18 5 1 0.1381220817565918 1 0.22254467010498047
dataset/stnu/0356 1 0.001497507095336914 30 9 1 0.14113855361938477 1 0.26822471618652344
dataset/stnu/0357 1 0.0014955997467041016 36 9 1 0.14127278327941895 1 0.2676880359649658
dataset/stnu/0358 1 0.0015294551849365234 36 9 1 0.14052152633666992 1 0.2962191104888916
dataset/stnu/0359 1 0.002499818801879883 36 9 1 0.14761090278625488 1 0.34919023513793945
dataset/stnu/0360 1 0.0014185905456542969 30 7 1 0.14394783973693848 1 0.23616647720336914
dataset/stnu/0361 1 0.0015325546264648438 36 9 1 0.13842129707336426 1 0.36003899574279785
dataset/stnu/0362 1 0.0014088153839111328 24 9 1 0.1445612907409668 1 0.2579460144042969
dataset/stnu/0363 1 0.0015196800231933594 36 9 1 0.1397998332977295 1 0.2713961601257324
dataset/stnu/0364 1 0.0014269351959228516 30 9 1 0.14274334907531738 1 0.25856494903564453
dataset/stnu/0365 1 0.0014429092407226562 30 9 1 0.14214539527893066 1 0.2895684242248535
dataset/stnu/0366 1 0.0015130043029785156 36 9 1 0.1458578109741211 1 0.29146432876586914
dataset/stnu/0367 1 0.0015408992767333984 36 9 1 0.1448974609375 1 0.30550599098205566
dataset/stnu/0368 1 0.0015521049499511719 36 9 1 0.14059829711914062 1 0.3568897247314453
dataset/stnu/0369 1 0.0014226436614990234 24 9 1 0.14189410209655762 1 0.2823636531829834
dataset/stnu/0370 1 0.001402139663696289 30 7 1 0.14176344871520996 1 0.2438046932220459
dataset/stnu/0371 1 0.0015723705291748047 36 9 1 0.14359164237976074 1 0.30738043785095215
dataset/stnu/0372 1 0.0013811588287353516 24 7 1 0.13638710975646973 1 0.2550036907196045
dataset/stnu/0373 1 0.001323699951171875 18 9 1 0.14387893676757812 1 0.24434399604797363
dataset/stnu/0374 1 0.0013833045959472656 18 9 1 0.14389443397521973 1 0.3060474395751953
dataset/stnu/0375 1 0.0012965202331542969 18 7 1 0.13728594779968262 1 0.255077600479126
dataset/stnu/0376 1 0.0015375614166259766 36 9 1 0.1451728343963623 1 0.3474874496459961
dataset/stnu/0377 1 0.0014507770538330078 36 9 1 0.13830089569091797 1 0.29030704498291016
dataset/stnu/0378 1 0.0012145042419433594 18 5 1 0.1452653408050537 1 0.24982666969299316
dataset/stnu/0379 1 0.0013706684112548828 24 9 1 0.14215373992919922 1 0.2827177047729492
dataset/stnu/0380 1 0.0014934539794921875 30 9 1 0.13962459564208984 1 0.280925989151001
dataset/stnu/0381 1 0.0012907981872558594 24 9 1 0.1403970718383789 1 0.2637333869934082
dataset/stnu/0382 1 0.0015039443969726562 30 9 1 0.14070534706115723 1 0.3825840950012207
dataset/stnu/0383 1 0.001299142837524414 18 7 1 0.13933014869689941 1 0.25174617767333984
dataset/stnu/0384 1 0.0013589859008789062 24 7 1 0.14397001266479492 1 0.24920082092285156
dataset/stnu/0385 1 0.0015044212341308594 36 9 1 0.14153742790222168 1 0.28731250762939453
dataset/stnu/0386 1 0.002607583999633789 36 9 1 0.14208650588989258 1 0.2642395496368408
dataset/stnu/0387 1 0.001336812973022461 24 7 1 0.14243245124816895 1 0.24339985847473145
dataset/stnu/0388 1 0.0015401840209960938 36 9 1 0.1411740779876709 1 0.28862571716308594
dataset/stnu/0389 1 0.0015759468078613281 36 9 1 0.14092469215393066 1 0.3467245101928711
dataset/stnu/0390 1 0.0012552738189697266 18 7 1 0.1422109603881836 1 0.2668876647949219
dataset/stnu/0391 1 0.0012798309326171875 18 7 1 0.1409597396850586 1 0.2510952949523926
dataset/stnu/0392 1 0.001462697982788086 30 9 1 0.13955020904541016 1 0.30518484115600586
dataset/stnu/0393 1 0.0014684200286865234 30 9 1 0.13851332664489746 1 0.3249216079711914
dataset/stnu/0394 1 0.0015063285827636719 30 9 1 0.1492774486541748 1 0.25832176208496094
dataset/stnu/0395 1 0.0014162063598632812 30 9 1 0.14289498329162598 1 0.3181569576263428
dataset/stnu/0396 1 0.0015327930450439453 36 9 1 0.14078903198242188 1 0.30861425399780273
dataset/stnu/0397 1 0.0022895336151123047 18 9 1 0.14200806617736816 1 0.27484941482543945
dataset/stnu/0398 1 0.001421213150024414 24 9 1 0.1413571834564209 1 0.2806282043457031
dataset/stnu/0399 1 0.0015723705291748047 30 9 1 0.14290928840637207 1 0.30472517013549805
dataset/stnu/0400 1 0.001302957534790039 18 7 1 0.144730806350708 1 0.2585611343383789
dataset/stnu/0401 1 0.0014541149139404297 30 9 1 0.13895487785339355 1 0.2896840572357178
dataset/stnu/0402 1 0.0012612342834472656 18 7 1 0.14228558540344238 1 0.2603287696838379
dataset/stnu/0403 1 0.0013828277587890625 30 9 1 0.1419811248779297 1 0.34444236755371094
dataset/stnu/0404 1 0.0013229846954345703 18 9 1 0.14322400093078613 1 0.2826392650604248
dataset/stnu/0405 1 0.001378774642944336 30 7 1 0.14328336715698242 1 0.2610628604888916
dataset/stnu/0406 1 0.0014495849609375 30 9 1 0.14261102676391602 1 0.31618547439575195
dataset/stnu/0407 1 0.001422882080078125 24 9 1 0.14020776748657227 1 0.26412248611450195
dataset/stnu/0408 1 0.0023889541625976562 30 9 1 0.1384592056274414 1 0.32495570182800293
dataset/stnu/0409 1 0.0013992786407470703 24 9 1 0.16144061088562012 1 0.29362988471984863
dataset/stnu/0410 1 0.0015485286712646484 36 9 1 0.14085984230041504 1 0.34669947624206543
dataset/stnu/0411 1 0.0014905929565429688 36 9 1 0.14089179039001465 1 0.3265399932861328
dataset/stnu/0412 1 0.0013284683227539062 24 7 1 0.13889789581298828 1 0.2590041160583496
dataset/stnu/0413 1 0.0013930797576904297 24 9 1 0.1385326385498047 1 0.30141472816467285
dataset/stnu/0414 1 0.0014367103576660156 36 9 1 0.1493206024169922 1 0.3862128257751465
dataset/stnu/0415 1 0.0013079643249511719 24 9 1 0.13965582847595215 1 0.30515313148498535
dataset/stnu/0416 1 0.0014247894287109375 30 9 1 0.14123773574829102 1 0.27890729904174805
dataset/stnu/0417 1 0.0015141963958740234 36 9 1 0.15313434600830078 1 0.2608919143676758
dataset/stnu/0418 1 0.0012080669403076172 18 7 1 0.13108539581298828 1 0.2528715133666992
dataset/stnu/0419 1 0.0013189315795898438 18 7 1 0.14011526107788086 1 0.2602806091308594
dataset/stnu/0420 1 0.0012631416320800781 18 7 1 0.14003562927246094 1 0.2701418399810791
dataset/stnu/0421 1 0.0015430450439453125 36 9 1 0.13905549049377441 1 0.3413660526275635
dataset/stnu/0422 1 0.001439809799194336 36 9 1 0.14087414741516113 1 0.32661938667297363
dataset/stnu/0423 1 0.0015149116516113281 36 9 1 0.1403038501739502 1 0.25113368034362793
dataset/stnu/0424 1 0.002421855926513672 36 7 1 0.13500118255615234 1 0.25362586975097656
dataset/stnu/0425 1 0.001535177230834961 36 9 1 0.1420128345489502 1 0.26492929458618164
dataset/stnu/0426 1 0.0015404224395751953 36 9 1 0.14158916473388672 1 0.35646796226501465
dataset/stnu/0427 1 0.00151824951171875 36 9 1 0.15713810920715332 1 0.2899940013885498
dataset/stnu/0428 1 0.0015587806701660156 36 9 1 0.14370346069335938 1 0.3181288242340088
dataset/stnu/0429 1 0.0014789104461669922 36 9 1 0.153167724609375 1 0.3325827121734619
dataset/stnu/0430 1 0.0015285015106201172 36 9 1 0.1381397247314453 1 0.30606508255004883
dataset/stnu/0431 1 0.0015666484832763672 36 9 1 0.15514612197875977 1 0.30764055252075195
dataset/stnu/0432 1 0.0015225410461425781 36 9 1 0.14327764511108398 1 0.336759090423584
dataset/stnu/0433 1 0.0014972686767578125 36 9 1 0.1413745880126953 1 0.2944631576538086
dataset/stnu/0434 1 0.0013079643249511719 18 7 1 0.14160728454589844 1 0.2504868507385254
dataset/stnu/0435 1 0.0013904571533203125 24 9 1 0.15606451034545898 1 0.2762258052825928
dataset/stnu/0436 1 0.001470327377319336 30 9 1 0.1405034065246582 1 0.2864091396331787
dataset/stnu/0437 1 0.0015401840209960938 36 9 1 0.1486036777496338 1 0.32538485527038574
dataset/stnu/0438 1 0.0015316009521484375 36 9 1 0.1446824073791504 1 0.2940831184387207
dataset/stnu/0439 1 0.0014481544494628906 30 9 1 0.14690399169921875 1 0.2739136219024658
dataset/stnu/0440 1 0.002283811569213867 30 9 1 0.14235281944274902 1 0.3080916404724121
dataset/stnu/0441 1 0.0015482902526855469 36 9 1 0.14024877548217773 1 0.3393363952636719
dataset/stnu/0442 1 0.0014510154724121094 30 9 1 0.14517784118652344 1 0.30117249488830566
dataset/stnu/0443 1 0.0012898445129394531 24 9 1 0.14563846588134766 1 0.2561209201812744
dataset/stnu/0444 1 0.0014154911041259766 30 9 1 0.15351462364196777 1 0.3386061191558838
dataset/stnu/0445 1 0.0013954639434814453 24 9 1 0.14101219177246094 1 0.2969205379486084
dataset/stnu/0446 1 0.0015377998352050781 36 9 1 0.14397454261779785 1 0.3117868900299072
dataset/stnu/0447 1 0.0015113353729248047 36 9 1 0.14030861854553223 1 0.2874729633331299
dataset/stnu/0448 1 0.0015232563018798828 30 9 1 0.14699959754943848 1 0.2984945774078369
dataset/stnu/0449 1 0.0014781951904296875 30 9 1 0.1403672695159912 1 0.26171422004699707
dataset/stnu/0450 1 0.0014231204986572266 24 7 1 0.1355452537536621 1 0.25930237770080566
dataset/stnu/0451 1 0.0025167465209960938 36 9 1 0.1506497859954834 1 0.3352186679840088
dataset/stnu/0452 1 0.0016214847564697266 36 9 1 0.13957762718200684 1 0.3011653423309326
dataset/stnu/0453 1 0.0011856555938720703 18 7 1 0.13959026336669922 1 0.24365973472595215
dataset/stnu/0454 1 0.0014884471893310547 36 9 1 0.14404940605163574 1 0.3212461471557617
dataset/stnu/0455 1 0.0013844966888427734 24 9 1 0.1398460865020752 1 0.26413893699645996
dataset/stnu/0456 1 0.001470327377319336 30 9 1 0.13929486274719238 1 0.340717077255249
dataset/stnu/0457 1 0.001508951187133789 36 9 1 0.1404869556427002 1 0.29381346702575684
dataset/stnu/0458 1 0.0012781620025634766 18 9 1 0.14623236656188965 1 0.2708873748779297
dataset/stnu/0459 1 0.0013790130615234375 30 7 1 0.1382458209991455 1 0.28516101837158203
dataset/stnu/0460 1 0.0014774799346923828 30 9 1 0.14246225357055664 1 0.325178861618042
dataset/stnu/0461 1 0.001245260238647461 18 9 1 0.13907074928283691 1 0.2624235153198242
dataset/stnu/0462 1 0.0015873908996582031 36 9 1 0.1450960636138916 1 0.2646207809448242
dataset/stnu/0463 1 0.0013856887817382812 24 9 1 0.1506500244140625 1 0.31479907035827637
dataset/stnu/0464 1 0.00157928466796875 30 9 1 0.13974642753601074 1 0.3107473850250244
dataset/stnu/0465 1 0.0015764236450195312 36 9 1 0.1392197608947754 1 0.28795289993286133
dataset/stnu/0466 1 0.0011954307556152344 18 7 1 0.1447277069091797 1 0.27040815353393555
dataset/stnu/0467 1 0.0014426708221435547 30 9 1 0.1460857391357422 1 0.28872156143188477
dataset/stnu/0468 1 0.0012187957763671875 18 7 1 0.14066743850708008 1 0.25676441192626953
dataset/stnu/0469 1 0.001522064208984375 36 9 1 0.14567160606384277 1 0.28835153579711914
dataset/stnu/0470 1 0.0015308856964111328 36 9 1 0.1478104591369629 1 0.2997574806213379
dataset/stnu/0471 1 0.0015554428100585938 36 9 1 0.14623594284057617 1 0.2878537178039551
dataset/stnu/0472 1 0.001481771469116211 36 9 1 0.1401512622833252 1 0.2914562225341797
dataset/stnu/0473 1 0.001371622085571289 24 7 1 0.1431131362915039 1 0.2799384593963623
dataset/stnu/0474 1 0.0011785030364990234 18 5 1 0.14169764518737793 1 0.2129838466644287
dataset/stnu/0475 1 0.0015938282012939453 30 9 1 0.14235925674438477 1 0.2895529270172119
dataset/stnu/0476 1 0.0015368461608886719 36 9 1 0.14272260665893555 1 0.2879204750061035
dataset/stnu/0477 1 0.0015087127685546875 30 9 1 0.13788604736328125 1 0.33217406272888184
dataset/stnu/0478 1 0.001453399658203125 36 7 1 0.1426093578338623 1 0.26631855964660645
dataset/stnu/0479 1 0.0015015602111816406 36 9 1 0.14096975326538086 1 0.3230926990509033
dataset/stnu/0480 1 0.0013935565948486328 24 9 1 0.1408524513244629 1 0.33850622177124023
dataset/stnu/0481 1 0.0014052391052246094 24 9 1 0.1437389850616455 1 0.2918868064880371
dataset/stnu/0482 1 0.0012748241424560547 18 7 1 0.14913511276245117 1 0.25004053115844727
dataset/stnu/0483 1 0.0013735294342041016 24 9 1 0.14406251907348633 1 0.35834789276123047
dataset/stnu/0484 1 0.0024254322052001953 30 9 1 0.14103293418884277 1 0.2543618679046631
dataset/stnu/0485 1 0.0013132095336914062 24 9 1 0.1578226089477539 1 0.2737236022949219
dataset/stnu/0486 1 0.0015399456024169922 36 9 1 0.14021706581115723 1 0.26787757873535156
dataset/stnu/0487 1 0.0013663768768310547 24 9 1 0.14044523239135742 1 0.2594878673553467
dataset/stnu/0488 1 0.0013360977172851562 24 7 1 0.14294743537902832 1 0.24854230880737305
dataset/stnu/0489 1 0.0015375614166259766 36 9 1 0.13559341430664062 1 0.3458597660064697
dataset/stnu/0490 1 0.0015358924865722656 30 9 1 0.14510321617126465 1 0.2759213447570801
dataset/stnu/0491 1 0.0012772083282470703 24 7 1 0.1404275894165039 1 0.26049375534057617
dataset/stnu/0492 1 0.0013210773468017578 18 9 1 0.14619803428649902 1 0.2773160934448242
dataset/stnu/0493 1 0.0016100406646728516 36 9 1 0.1426379680633545 1 0.33048033714294434
dataset/stnu/0494 1 0.0014989376068115234 36 9 1 0.14069128036499023 1 0.32714223861694336
dataset/stnu/0495 1 0.0026710033416748047 36 9 1 0.1413440704345703 1 0.28079724311828613
dataset/stnu/0496 1 0.0015344619750976562 24 9 1 0.15151214599609375 1 0.2652096748352051
dataset/stnu/0497 1 0.0014793872833251953 36 7 1 0.1600968837738037 1 0.2657148838043213
dataset/stnu/0498 1 0.0017020702362060547 36 9 1 0.14600920677185059 1 0.3431723117828369
dataset/stnu/0499 1 0.0018587112426757812 36 9 1 0.1544969081878662 1 0.2702066898345947
dataset/stnu/0500 1 0.0014557838439941406 30 9 1 0.14596176147460938 1 0.2889838218688965
dataset/stnu/0501 1 0.0015454292297363281 36 9 1 0.14482545852661133 1 0.31101036071777344
dataset/stnu/0502 1 0.0013573169708251953 24 7 1 0.14086031913757324 1 0.25475430488586426
dataset/stnu/0503 1 0.0014336109161376953 30 9 1 0.14571666717529297 1 0.30954885482788086
dataset/stnu/0504 1 0.0015363693237304688 36 9 1 0.13967013359069824 1 0.3292841911315918
dataset/stnu/0505 1 0.001405954360961914 24 9 1 0.14338326454162598 1 0.2624800205230713
dataset/stnu/0506 1 0.0014908313751220703 30 9 1 0.14387083053588867 1 0.309370756149292
dataset/stnu/0507 1 0.0014600753784179688 30 9 1 0.13952016830444336 1 0.285320520401001
dataset/stnu/0508 1 0.0014600753784179688 30 9 1 0.14100909233093262 1 0.26882052421569824
dataset/stnu/0509 1 0.0013165473937988281 24 9 1 0.13258838653564453 1 0.29459333419799805
dataset/stnu/0510 1 0.0014417171478271484 24 9 1 0.1505570411682129 1 0.27141880989074707
dataset/stnu/0511 1 0.0014767646789550781 30 9 1 0.14359593391418457 1 0.3393127918243408
dataset/stnu/0512 1 0.001190185546875 18 7 1 0.13878440856933594 1 0.26099109649658203
dataset/stnu/0513 1 0.0013685226440429688 24 7 1 0.1428050994873047 1 0.2513604164123535
dataset/stnu/0514 1 0.0015082359313964844 36 9 1 0.15398430824279785 1 0.2918577194213867
dataset/stnu/0515 1 0.001459360122680664 30 9 1 0.14342212677001953 1 0.28966808319091797
dataset/stnu/0516 1 0.0013744831085205078 30 9 1 0.14381837844848633 1 0.2794198989868164
dataset/stnu/0517 1 0.0023491382598876953 30 9 1 0.14159870147705078 1 0.2725043296813965
dataset/stnu/0518 1 0.0014638900756835938 36 9 1 0.14130759239196777 1 0.2797727584838867
dataset/stnu/0519 1 0.0016331672668457031 36 9 1 0.14245057106018066 1 0.3560655117034912
dataset/stnu/0520 1 0.0014998912811279297 30 9 1 0.14397931098937988 1 0.30495500564575195
dataset/stnu/0521 1 0.0014739036560058594 30 9 1 0.14299440383911133 1 0.29215574264526367
dataset/stnu/0522 1 0.0014853477478027344 30 9 1 0.14269733428955078 1 0.28520941734313965
dataset/stnu/0523 1 0.0014252662658691406 30 9 1 0.1410691738128662 1 0.30077385902404785
dataset/stnu/0524 1 0.0015101432800292969 36 9 1 0.14127445220947266 1 0.3239903450012207
dataset/stnu/0525 1 0.0016086101531982422 36 9 1 0.14434552192687988 1 0.27481627464294434
dataset/stnu/0526 1 0.0013644695281982422 24 9 1 0.1465160846710205 1 0.2956686019897461
dataset/stnu/0527 1 0.0015978813171386719 36 9 1 0.14439034461975098 1 0.3321089744567871
dataset/stnu/0528 1 0.0014536380767822266 30 9 1 0.14118170738220215 1 0.30967044830322266
dataset/stnu/0529 1 0.0014162063598632812 24 7 1 0.1403369903564453 1 0.2532820701599121
dataset/stnu/0530 1 0.0012850761413574219 18 9 1 0.14010095596313477 1 0.30159759521484375
dataset/stnu/0531 1 0.0015614032745361328 36 9 1 0.14447259902954102 1 0.31017398834228516
dataset/stnu/0532 1 0.0015082359313964844 36 9 1 0.13998007774353027 1 0.31297779083251953
dataset/stnu/0533 1 0.001556396484375 36 9 1 0.14339256286621094 1 0.3666658401489258
dataset/stnu/0534 1 0.0016050338745117188 30 9 1 0.14564847946166992 1 0.32291460037231445
dataset/stnu/0535 1 0.00138092041015625 30 9 1 0.14263677597045898 1 0.35744357109069824
dataset/stnu/0536 1 0.0013594627380371094 18 9 1 0.14209342002868652 1 0.29485321044921875
dataset/stnu/0537 1 0.0015420913696289062 36 9 1 0.14264369010925293 1 0.289811372756958
dataset/stnu/0538 1 0.0013971328735351562 24 9 1 0.14030766487121582 1 0.32291173934936523
dataset/stnu/0539 1 0.0014045238494873047 18 9 1 0.14127731323242188 1 0.26489853858947754
dataset/stnu/0540 1 0.0015301704406738281 36 9 1 0.13922500610351562 1 0.2913486957550049
dataset/stnu/0541 1 0.0013399124145507812 24 7 1 0.13910675048828125 1 0.26079797744750977
dataset/stnu/0542 1 0.0014750957489013672 30 7 1 0.14471006393432617 1 0.2530081272125244
dataset/stnu/0543 1 0.0015096664428710938 30 9 1 0.1453084945678711 1 0.3713810443878174
dataset/stnu/0544 1 0.0012357234954833984 18 7 1 0.14156746864318848 1 0.245574951171875
dataset/stnu/0545 1 0.0013740062713623047 30 9 1 0.1399245262145996 1 0.28773951530456543
dataset/stnu/0546 1 0.0016596317291259766 36 9 1 0.14295387268066406 1 0.3345165252685547
dataset/stnu/0547 1 0.002620697021484375 30 9 1 0.14376616477966309 1 0.3404881954193115
dataset/stnu/0548 1 0.0015950202941894531 30 9 1 0.14051508903503418 1 0.2923390865325928
dataset/stnu/0549 1 0.0013756752014160156 30 9 1 0.14568805694580078 1 0.3521547317504883
dataset/stnu/0550 1 0.0013353824615478516 18 7 1 0.14552783966064453 1 0.24819254875183105
dataset/stnu/0551 1 0.0015130043029785156 36 9 1 0.14545345306396484 1 0.29143762588500977
dataset/stnu/0552 1 0.0014183521270751953 24 9 1 0.14500212669372559 1 0.41381406784057617
dataset/stnu/0553 1 0.001504659652709961 36 9 1 0.14120841026306152 1 0.3347339630126953
dataset/stnu/0554 1 0.0014712810516357422 24 9 1 0.14733004570007324 1 0.27201294898986816
dataset/stnu/0555 1 0.0015969276428222656 30 9 1 0.14158368110656738 1 0.2893655300140381
dataset/stnu/0556 1 0.0014491081237792969 30 7 1 0.14103436470031738 1 0.2668182849884033
dataset/stnu/0557 1 0.0014541149139404297 36 9 1 0.1399519443511963 1 0.3521146774291992
dataset/stnu/0558 1 0.0014529228210449219 24 9 1 0.13944578170776367 1 0.32149267196655273
dataset/stnu/0559 1 0.0015285015106201172 36 9 1 0.14733529090881348 1 0.319669246673584
dataset/stnu/0560 1 0.0016133785247802734 30 9 1 0.14239144325256348 1 0.2705256938934326
dataset/stnu/0561 1 0.0014824867248535156 30 9 1 0.1408402919769287 1 0.30120325088500977
dataset/stnu/0562 1 0.0016543865203857422 36 9 1 0.14181160926818848 1 0.34600234031677246
dataset/stnu/0563 1 0.001283407211303711 18 9 1 0.14159488677978516 1 0.2780888080596924
dataset/stnu/0564 1 0.001369476318359375 24 9 1 0.14014291763305664 1 0.3219411373138428
dataset/stnu/0565 1 0.0013773441314697266 30 7 1 0.14113354682922363 1 0.2623112201690674
dataset/stnu/0566 1 0.0013451576232910156 24 9 1 0.14009904861450195 1 0.341991662979126
dataset/stnu/0567 1 0.001306295394897461 18 9 1 0.14101624488830566 1 0.250732421875
dataset/stnu/0568 1 0.00145721435546875 30 9 1 0.14815950393676758 1 0.2909815311431885
dataset/stnu/0569 1 0.0015006065368652344 36 9 1 0.14919519424438477 1 0.29317283630371094
dataset/stnu/0570 1 0.0014121532440185547 24 9 1 0.14371895790100098 1 0.26318359375
dataset/stnu/0571 1 0.0015218257904052734 36 9 1 0.1397569179534912 1 0.3317887783050537
dataset/stnu/0572 1 0.0014700889587402344 24 7 1 0.14360642433166504 1 0.26600050926208496
dataset/stnu/0573 1 0.0014216899871826172 30 9 1 0.14269638061523438 1 0.3111538887023926
dataset/stnu/0574 1 0.0012826919555664062 18 7 1 0.14440417289733887 1 0.24658846855163574
dataset/stnu/0575 1 0.0013861656188964844 24 9 1 0.14597082138061523 1 0.278667688369751
dataset/stnu/0576 1 0.001493215560913086 24 9 1 0.14174246788024902 1 0.31026220321655273
dataset/stnu/0577 1 0.0014102458953857422 30 7 1 0.14699101448059082 1 0.27092766761779785
dataset/stnu/0578 1 0.0014729499816894531 36 9 1 0.14150643348693848 1 0.3129868507385254
dataset/stnu/0579 1 0.001399993896484375 24 9 1 0.1574544906616211 1 0.2820608615875244
dataset/stnu/0580 1 0.001634836196899414 36 9 1 0.14148950576782227 1 0.28739404678344727
dataset/stnu/0581 1 0.0015959739685058594 24 9 1 0.14210271835327148 1 0.32606029510498047
dataset/stnu/0582 1 0.0013442039489746094 24 7 1 0.14119768142700195 1 0.2642631530761719
dataset/stnu/0583 1 0.0014684200286865234 30 9 1 0.14455962181091309 1 0.33115363121032715
dataset/stnu/0584 1 0.001316070556640625 18 7 1 0.14074277877807617 1 0.2430555820465088
dataset/stnu/0585 1 0.0022416114807128906 30 9 1 0.1372380256652832 1 0.3299565315246582
dataset/stnu/0586 1 0.001519918441772461 36 9 1 0.14383316040039062 1 0.3052256107330322
dataset/stnu/0587 1 0.0012469291687011719 18 5 1 0.1457972526550293 1 0.22376203536987305
dataset/stnu/0588 1 0.0014560222625732422 30 9 1 0.14471983909606934 1 0.27138233184814453
dataset/stnu/0589 1 0.0015482902526855469 36 9 1 0.13962984085083008 1 0.3323650360107422
dataset/stnu/0590 1 0.0014030933380126953 24 9 1 0.141463041305542 1 0.26146435737609863
dataset/stnu/0591 1 0.0014543533325195312 30 9 1 0.14287376403808594 1 0.3593285083770752
dataset/stnu/0592 1 0.0013949871063232422 24 9 1 0.14215350151062012 1 0.2877938747406006
dataset/stnu/0593 1 0.0013985633850097656 30 9 1 0.14211106300354004 1 0.3101038932800293
dataset/stnu/0594 1 0.0015399456024169922 36 9 1 0.1399092674255371 1 0.32103610038757324
dataset/stnu/0595 1 0.0013761520385742188 30 9 1 0.1415402889251709 1 0.3305225372314453
dataset/stnu/0596 1 0.0015897750854492188 36 9 1 0.15080046653747559 1 0.3570249080657959
dataset/stnu/0597 1 0.0015468597412109375 36 9 1 0.14594674110412598 1 0.37485790252685547
dataset/stnu/0598 1 0.001306772232055664 18 9 1 0.13974928855895996 1 0.2648813724517822
dataset/stnu/0599 1 0.0014863014221191406 36 7 1 0.13942408561706543 1 0.2477421760559082
dataset/stnu/0600 1 0.0014774799346923828 36 9 1 0.15660333633422852 1 0.3422813415527344
dataset/stnu/0601 1 0.0025365352630615234 36 9 1 0.1436779499053955 1 0.37030839920043945
dataset/stnu/0602 1 0.0014221668243408203 24 9 1 0.14670205116271973 1 0.29340147972106934
dataset/stnu/0603 1 0.0012755393981933594 24 9 1 0.15616083145141602 1 0.2876167297363281
dataset/stnu/0604 1 0.0013055801391601562 18 9 1 0.14000940322875977 1 0.2804841995239258
dataset/stnu/0605 1 0.0014758110046386719 30 7 1 0.13929200172424316 1 0.2581040859222412
dataset/stnu/0606 1 0.0015821456909179688 36 9 1 0.1410059928894043 1 0.29204893112182617
dataset/stnu/0607 1 0.0014586448669433594 30 9 1 0.14698529243469238 1 0.29138851165771484
dataset/stnu/0608 1 0.001495361328125 36 9 1 0.1423478126525879 1 0.29817819595336914
dataset/stnu/0609 1 0.0014641284942626953 36 9 1 0.14077425003051758 1 0.3354182243347168
dataset/stnu/0610 1 0.0015630722045898438 30 9 1 0.14020824432373047 1 0.3152894973754883
dataset/stnu/0611 1 0.001371622085571289 24 7 1 0.13820815086364746 1 0.24506711959838867
dataset/stnu/0612 1 0.0015368461608886719 36 9 1 0.14001178741455078 1 0.3083467483520508
dataset/stnu/0613 1 0.001477956771850586 30 7 1 0.13913750648498535 1 0.25096845626831055
dataset/stnu/0614 1 0.0015878677368164062 36 9 1 0.1460280418395996 1 0.3078422546386719
dataset/stnu/0615 1 0.0013704299926757812 24 9 1 0.1437516212463379 1 0.26998257637023926
dataset/stnu/0616 1 0.0026001930236816406 36 9 1 0.14484357833862305 1 0.3377234935760498
dataset/stnu/0617 1 0.0014312267303466797 30 9 1 0.14172077178955078 1 0.3300156593322754
dataset/stnu/0618 1 0.0015132427215576172 30 9 1 0.15002655982971191 1 0.31484222412109375
dataset/stnu/0619 1 0.0015137195587158203 30 9 1 0.15514492988586426 1 0.31058502197265625
dataset/stnu/0620 1 0.0014858245849609375 36 9 1 0.14333820343017578 1 0.28664565086364746
dataset/stnu/0621 1 0.001310110092163086 18 9 1 0.14247846603393555 1 0.27452635765075684
dataset/stnu/0622 1 0.0014562606811523438 30 9 1 0.14076685905456543 1 0.34174442291259766
dataset/stnu/0623 1 0.0014624595642089844 36 7 1 0.13781142234802246 1 0.26909899711608887
dataset/stnu/0624 1 0.0012176036834716797 18 7 1 0.13930058479309082 1 0.24390578269958496
dataset/stnu/0625 1 0.0014688968658447266 30 9 1 0.14301061630249023 1 0.3730316162109375
dataset/stnu/0626 1 0.0014505386352539062 30 9 1 0.14142560958862305 1 0.29218006134033203
dataset/stnu/0627 1 0.0015006065368652344 30 9 1 0.1399548053741455 1 0.3298008441925049
dataset/stnu/0628 1 0.0015320777893066406 36 9 1 0.13939833641052246 1 0.28498315811157227
dataset/stnu/0629 1 0.001432180404663086 30 7 1 0.1454918384552002 1 0.2672090530395508
dataset/stnu/0630 1 0.0015141963958740234 36 9 1 0.1398487091064453 1 0.34216737747192383
dataset/stnu/0631 1 0.0014078617095947266 24 7 1 0.13428044319152832 1 0.26391100883483887
dataset/stnu/0632 1 0.0025789737701416016 36 9 1 0.13798880577087402 1 0.34209752082824707
dataset/stnu/0633 1 0.0014147758483886719 24 7 1 0.141890287399292 1 0.260059118270874
dataset/stnu/0634 1 0.0014781951904296875 30 9 1 0.14201092720031738 1 0.30913567543029785
dataset/stnu/0635 1 0.0015769004821777344 36 9 1 0.14682626724243164 1 0.3302147388458252
dataset/stnu/0636 1 0.0013208389282226562 18 7 1 0.14233112335205078 1 0.2656106948852539
dataset/stnu/0637 1 0.001603841781616211 36 9 1 0.1406574249267578 1 0.29724621772766113
dataset/stnu/0638 1 0.0013935565948486328 24 9 1 0.13483977317810059 1 0.27250242233276367
dataset/stnu/0639 1 0.001482248306274414 30 9 1 0.14013171195983887 1 0.28313136100769043
dataset/stnu/0640 1 0.0011920928955078125 18 7 1 0.15551304817199707 1 0.28528666496276855
dataset/stnu/0641 1 0.0015785694122314453 36 9 1 0.15750503540039062 1 0.35921430587768555
dataset/stnu/0642 1 0.0015168190002441406 36 9 1 0.14432740211486816 1 0.3429281711578369
dataset/stnu/0643 1 0.0016186237335205078 36 9 1 0.13961338996887207 1 0.3459360599517822
dataset/stnu/0644 1 0.0014407634735107422 24 9 1 0.14046144485473633 1 0.2736489772796631
dataset/stnu/0645 1 0.001407623291015625 24 7 1 0.14431357383728027 1 0.2548203468322754
dataset/stnu/0646 1 0.0013873577117919922 24 9 1 0.14374327659606934 1 0.27750611305236816
dataset/stnu/0647 1 0.001512765884399414 36 9 1 0.14009499549865723 1 0.26142144203186035
dataset/stnu/0648 1 0.001558542251586914 36 9 1 0.14044666290283203 1 0.34082865715026855
dataset/stnu/0649 1 0.001550436019897461 36 9 1 0.13942861557006836 1 0.2887752056121826
dataset/stnu/0650 1 0.0014777183532714844 30 9 1 0.14464712142944336 1 0.3670334815979004
dataset/stnu/0651 1 0.00147247314453125 30 9 1 0.1497352123260498 1 0.3330087661743164
dataset/stnu/0652 1 0.0015151500701904297 30 9 1 0.14118361473083496 1 0.3505551815032959
dataset/stnu/0653 1 0.0014247894287109375 30 7 1 0.14743351936340332 1 0.28707051277160645
dataset/stnu/0654 1 0.00154876708984375 36 9 1 0.14041447639465332 1 0.2868986129760742
dataset/stnu/0655 1 0.001455545425415039 24 7 1 0.1402125358581543 1 0.27344465255737305
dataset/stnu/0656 1 0.0012412071228027344 18 9 1 0.14487147331237793 1 0.2760429382324219
dataset/stnu/0657 1 0.0012745857238769531 18 9 1 0.1457517147064209 1 0.26529836654663086
dataset/stnu/0658 1 0.0015327930450439453 36 9 1 0.14094042778015137 1 0.33093953132629395
dataset/stnu/0659 1 0.0012557506561279297 18 7 1 0.14064931869506836 1 0.23890113830566406
dataset/stnu/0660 1 0.001337289810180664 18 9 1 0.14620113372802734 1 0.2748589515686035
dataset/stnu/0661 1 0.0012106895446777344 18 7 1 0.13991022109985352 1 0.24984979629516602
dataset/stnu/0662 1 0.0016047954559326172 36 9 1 0.1436457633972168 1 0.3005032539367676
dataset/stnu/0663 1 0.0012958049774169922 18 9 1 0.13846397399902344 1 0.2500450611114502
dataset/stnu/0664 1 0.0015492439270019531 30 9 1 0.13554811477661133 1 0.2717554569244385
dataset/stnu/0665 1 0.0018045902252197266 30 9 1 0.13934588432312012 1 0.30199527740478516
dataset/stnu/0666 1 0.0012559890747070312 18 9 1 0.1427466869354248 1 0.2702336311340332
dataset/stnu/0667 1 0.0014307498931884766 24 7 1 0.14042878150939941 1 0.24648523330688477
dataset/stnu/0668 1 0.0015368461608886719 36 9 1 0.13867568969726562 1 0.3172891139984131
dataset/stnu/0669 1 0.0015785694122314453 30 9 1 0.14203858375549316 1 0.28298425674438477
dataset/stnu/0670 1 0.0014162063598632812 36 7 1 0.14371824264526367 1 0.2614171504974365
dataset/stnu/0671 1 0.0012638568878173828 18 9 1 0.13762211799621582 1 0.28605055809020996
dataset/stnu/0672 1 0.0013804435729980469 30 9 1 0.13938069343566895 1 0.33481669425964355
dataset/stnu/0673 1 0.0012750625610351562 18 7 1 0.1409287452697754 1 0.27401256561279297
dataset/stnu/0674 1 0.0015006065368652344 30 9 1 0.14140057563781738 1 0.29101037979125977
dataset/stnu/0675 1 0.001581430435180664 36 9 1 0.1408557891845703 1 0.3348231315612793
dataset/stnu/0676 1 0.001535177230834961 36 9 1 0.1408226490020752 1 0.33814239501953125
dataset/stnu/0677 1 0.0015895366668701172 36 9 1 0.14115500450134277 1 0.34202122688293457
dataset/stnu/0678 1 0.0015108585357666016 30 9 1 0.13390755653381348 1 0.3589622974395752
dataset/stnu/0679 1 0.0015647411346435547 30 9 1 0.14902091026306152 1 0.3236410617828369
dataset/stnu/0680 1 0.0014865398406982422 36 9 1 0.15168333053588867 1 0.37783074378967285
dataset/stnu/0681 1 0.0016655921936035156 30 9 1 0.14127063751220703 1 0.2664823532104492
dataset/stnu/0682 1 0.0014562606811523438 36 9 1 0.14241909980773926 1 0.2756493091583252
dataset/stnu/0683 1 0.0016739368438720703 36 9 1 0.14007091522216797 1 0.30986976623535156
dataset/stnu/0684 1 0.001466512680053711 30 9 1 0.14261841773986816 1 0.2912471294403076
dataset/stnu/0685 1 0.0015230178833007812 36 9 1 0.1415562629699707 1 0.2800633907318115
dataset/stnu/0686 1 0.0014383792877197266 30 9 1 0.1420273780822754 1 0.3066990375518799
dataset/stnu/0687 1 0.001485586166381836 30 9 1 0.14215946197509766 1 0.30521583557128906
dataset/stnu/0688 1 0.0014426708221435547 24 9 1 0.1395888328552246 1 0.3027000427246094
dataset/stnu/0689 1 0.0015411376953125 36 9 1 0.14183926582336426 1 0.30789828300476074
dataset/stnu/0690 1 0.001529693603515625 36 9 1 0.14170265197753906 1 0.3372080326080322
dataset/stnu/0691 1 0.0015859603881835938 36 9 1 0.13767290115356445 1 0.3194758892059326
dataset/stnu/0692 1 0.0014791488647460938 30 9 1 0.14512085914611816 1 0.3089134693145752
dataset/stnu/0693 1 0.0014002323150634766 18 9 1 0.14184141159057617 1 0.26202988624572754
dataset/stnu/0694 1 0.0015664100646972656 36 9 1 0.14001727104187012 1 0.2907848358154297
dataset/stnu/0695 1 0.0013995170593261719 30 9 1 0.13946843147277832 1 0.2832186222076416
dataset/stnu/0696 1 0.0014882087707519531 36 9 1 0.15988540649414062 1 0.35738706588745117
dataset/stnu/0697 1 0.0013287067413330078 18 9 1 0.13950800895690918 1 0.25011634826660156
dataset/stnu/0698 1 0.001489400863647461 30 9 1 0.14152264595031738 1 0.3249211311340332
dataset/stnu/0699 1 0.0014772415161132812 30 9 1 0.14397835731506348 1 0.28566455841064453
dataset/stnu/0700 1 0.001466989517211914 36 7 1 0.1416926383972168 1 0.25742483139038086
dataset/stnu/0701 1 0.001268625259399414 18 7 1 0.1438302993774414 1 0.26938343048095703
dataset/stnu/0702 1 0.0013377666473388672 18 9 1 0.13901400566101074 1 0.2900733947753906
dataset/stnu/0703 1 0.0015218257904052734 30 9 1 0.14456653594970703 1 0.33703088760375977
dataset/stnu/0704 1 0.002511262893676758 30 9 1 0.14755654335021973 1 0.2690918445587158
dataset/stnu/0705 1 0.0015385150909423828 30 9 1 0.13878345489501953 1 0.27486681938171387
dataset/stnu/0706 1 0.0014450550079345703 24 9 1 0.1411142349243164 1 0.28763413429260254
dataset/stnu/0707 1 0.00148773193359375 30 9 1 0.14324569702148438 1 0.28278541564941406
dataset/stnu/0708 1 0.0014007091522216797 24 9 1 0.13991641998291016 1 0.28856897354125977
dataset/stnu/0709 1 0.0015294551849365234 36 9 1 0.1434175968170166 1 0.2709362506866455
dataset/stnu/0710 1 0.0013625621795654297 30 9 1 0.14114642143249512 1 0.2664647102355957
dataset/stnu/0711 1 0.001314401626586914 18 7 1 0.14023494720458984 1 0.24515819549560547
dataset/stnu/0712 1 0.0016164779663085938 36 9 1 0.14138364791870117 1 0.2699272632598877
dataset/stnu/0713 1 0.0014545917510986328 30 9 1 0.14061260223388672 1 0.2985050678253174
dataset/stnu/0714 1 0.0012624263763427734 18 7 1 0.15063738822937012 1 0.2614326477050781
dataset/stnu/0715 1 0.002665281295776367 36 9 1 0.14551806449890137 1 0.2831430435180664
dataset/stnu/0716 1 0.00138092041015625 24 9 1 0.1440105438232422 1 0.2875075340270996
dataset/stnu/0717 1 0.0015316009521484375 36 9 1 0.1406083106994629 1 0.32664966583251953
dataset/stnu/0718 1 0.0014841556549072266 24 9 1 0.14115452766418457 1 0.25916314125061035
dataset/stnu/0719 1 0.0016667842864990234 36 9 1 0.14080190658569336 1 0.33617568016052246
dataset/stnu/0720 1 0.0015215873718261719 36 9 1 0.1417710781097412 1 0.33397507667541504
dataset/stnu/0721 1 0.0013968944549560547 24 9 1 0.13998866081237793 1 0.2757434844970703
dataset/stnu/0722 1 0.0013740062713623047 18 7 1 0.14020204544067383 1 0.23282408714294434
dataset/stnu/0723 1 0.0012919902801513672 18 7 1 0.1408066749572754 1 0.2433924674987793
dataset/stnu/0724 1 0.0015037059783935547 30 9 1 0.14791369438171387 1 0.2871112823486328
dataset/stnu/0725 1 0.0015003681182861328 36 9 1 0.14050650596618652 1 0.31944727897644043
dataset/stnu/0726 1 0.0024499893188476562 36 9 1 0.13993597030639648 1 0.3163139820098877
dataset/stnu/0727 1 0.0015530586242675781 36 9 1 0.13949322700500488 1 0.3400754928588867
dataset/stnu/0728 1 0.0012581348419189453 18 7 1 0.14089202880859375 1 0.2562575340270996
dataset/stnu/0729 1 0.00139617919921875 24 9 1 0.14060258865356445 1 0.26145052909851074
dataset/stnu/0730 1 0.0015077590942382812 36 9 1 0.14167046546936035 1 0.34475064277648926
dataset/stnu/0731 1 0.0014026165008544922 24 9 1 0.1403496265411377 1 0.29247093200683594
dataset/stnu/0732 1 0.0012285709381103516 18 7 1 0.13985109329223633 1 0.2359144687652588
dataset/stnu/0733 1 0.001537322998046875 36 9 1 0.1437668800354004 1 0.33063721656799316
dataset/stnu/0734 1 0.0013234615325927734 24 9 1 0.1390080451965332 1 0.32470011711120605
dataset/stnu/0735 1 0.0013225078582763672 18 7 1 0.14305400848388672 1 0.23606467247009277
dataset/stnu/0736 1 0.0013976097106933594 24 9 1 0.14986538887023926 1 0.27411651611328125
dataset/stnu/0737 1 0.0016908645629882812 36 9 1 0.14133572578430176 1 0.31290626525878906
dataset/stnu/0738 1 0.0015418529510498047 36 9 1 0.1484682559967041 1 0.28115224838256836
dataset/stnu/0739 1 0.0013267993927001953 18 9 1 0.14208173751831055 1 0.28034496307373047
dataset/stnu/0740 1 0.0014264583587646484 30 9 1 0.13249874114990234 1 0.3073751926422119
dataset/stnu/0741 1 0.0015513896942138672 36 9 1 0.14397740364074707 1 0.32621335983276367
dataset/stnu/0742 1 0.0016734600067138672 36 9 1 0.1450662612915039 1 0.30236244201660156
dataset/stnu/0743 1 0.0013070106506347656 18 9 1 0.15079545974731445 1 0.2623786926269531
dataset/stnu/0744 1 0.0015921592712402344 36 9 1 0.14078807830810547 1 0.30588626861572266
dataset/stnu/0745 1 0.0015366077423095703 36 9 1 0.14109182357788086 1 0.3177163600921631
dataset/stnu/0746 1 0.0015034675598144531 30 9 1 0.1423330307006836 1 0.33688998222351074
dataset/stnu/0747 1 0.001360177993774414 24 7 1 0.1412489414215088 1 0.26493120193481445
dataset/stnu/0748 1 0.0012545585632324219 24 7 1 0.13828158378601074 1 0.25741147994995117
dataset/stnu/0749 1 0.0013604164123535156 18 7 1 0.13517069816589355 1 0.2501382827758789
dataset/stnu/0750 1 0.0014548301696777344 30 9 1 0.14128637313842773 1 0.3332645893096924
dataset/stnu/0751 1 0.001283407211303711 24 9 1 0.14006590843200684 1 0.29212379455566406
dataset/stnu/0752 1 0.0015132427215576172 30 9 1 0.14615607261657715 1 0.3099708557128906
dataset/stnu/0753 1 0.0012929439544677734 24 7 1 0.14002227783203125 1 0.25764942169189453
dataset/stnu/0754 1 0.00136566162109375 24 7 1 0.140655517578125 1 0.25634026527404785
dataset/stnu/0755 1 0.0013883113861083984 30 7 1 0.1420128345489502 1 0.24852371215820312
dataset/stnu/0756 1 0.0013914108276367188 18 9 1 0.142333984375 1 0.27460312843322754
dataset/stnu/0757 1 0.0014243125915527344 24 9 1 0.1408076286315918 1 0.263962984085083
dataset/stnu/0758 1 0.0012607574462890625 24 7 1 0.14654254913330078 1 0.2508227825164795
dataset/stnu/0759 1 0.002518177032470703 24 9 1 0.14278268814086914 1 0.33597731590270996
dataset/stnu/0760 1 0.0015032291412353516 24 7 1 0.14066100120544434 1 0.24894452095031738
dataset/stnu/0761 1 0.0015294551849365234 36 9 1 0.1553511619567871 1 0.30634570121765137
dataset/stnu/0762 1 0.0014805793762207031 24 9 1 0.14223742485046387 1 0.2893815040588379
dataset/stnu/0763 1 0.0012738704681396484 18 5 1 0.14197540283203125 1 0.20998692512512207
dataset/stnu/0764 1 0.0014019012451171875 18 9 1 0.14258742332458496 1 0.27581143379211426
dataset/stnu/0765 1 0.001215219497680664 18 7 1 0.13929104804992676 1 0.25150513648986816
dataset/stnu/0766 1 0.00151824951171875 36 9 1 0.14079856872558594 1 0.36205077171325684
dataset/stnu/0767 1 0.001435995101928711 30 9 1 0.14130592346191406 1 0.2882871627807617
dataset/stnu/0768 1 0.0014615058898925781 30 9 1 0.15036487579345703 1 0.27196335792541504
dataset/stnu/0769 1 0.0013337135314941406 18 7 1 0.13855457305908203 1 0.2386488914489746
dataset/stnu/0770 1 0.001405954360961914 24 9 1 0.1452503204345703 1 0.2652699947357178
dataset/stnu/0771 1 0.0015957355499267578 36 9 1 0.13896489143371582 1 0.29808926582336426
dataset/stnu/0772 1 0.0014448165893554688 30 9 1 0.15641450881958008 1 0.27088499069213867
dataset/stnu/0773 1 0.0014896392822265625 36 9 1 0.14287090301513672 1 0.32552003860473633
dataset/stnu/0774 1 0.0013654232025146484 30 9 1 0.14160633087158203 1 0.33490777015686035
dataset/stnu/0775 1 0.0013797283172607422 30 9 1 0.14163994789123535 1 0.2894585132598877
dataset/stnu/0776 1 0.0012428760528564453 18 9 1 0.14233016967773438 1 0.2624549865722656
dataset/stnu/0777 1 0.0014400482177734375 30 9 1 0.15564870834350586 1 0.27576184272766113
dataset/stnu/0778 1 0.0013256072998046875 24 7 1 0.14185738563537598 1 0.2670400142669678
dataset/stnu/0779 1 0.0014510154724121094 30 9 1 0.14344096183776855 1 0.31696152687072754
dataset/stnu/0780 1 0.0014417171478271484 30 9 1 0.13984084129333496 1 0.28951311111450195
dataset/stnu/0781 1 0.0013799667358398438 24 9 1 0.1441643238067627 1 0.28368425369262695
dataset/stnu/0782 1 0.0014510154724121094 30 9 1 0.13411712646484375 1 0.26811933517456055
dataset/stnu/0783 1 0.001546621322631836 36 9 1 0.14155244827270508 1 0.31304049491882324
dataset/stnu/0784 1 0.0015871524810791016 36 9 1 0.13954448699951172 1 0.30509138107299805
dataset/stnu/0785 1 0.0015192031860351562 36 9 1 0.14073920249938965 1 0.29522252082824707
dataset/stnu/0786 1 0.0015425682067871094 36 9 1 0.1430976390838623 1 0.3269171714782715
dataset/stnu/0787 1 0.0015277862548828125 36 9 1 0.14130759239196777 1 0.3265211582183838
dataset/stnu/0788 1 0.0015397071838378906 36 9 1 0.14358997344970703 1 0.31636667251586914
dataset/stnu/0789 1 0.0014073848724365234 30 9 1 0.1577167510986328 1 0.27478599548339844
dataset/stnu/0790 1 0.0014846324920654297 30 9 1 0.14357829093933105 1 0.2899923324584961
dataset/stnu/0791 1 0.0013608932495117188 24 9 1 0.14334654808044434 1 0.28688716888427734
dataset/stnu/0792 1 0.0014600753784179688 30 9 1 0.1427321434020996 1 0.333432674407959
dataset/stnu/0793 1 0.0015377998352050781 36 9 1 0.14184927940368652 1 0.3243064880371094
dataset/stnu/0794 1 0.0015835762023925781 36 9 1 0.14151310920715332 1 0.3102409839630127
dataset/stnu/0795 1 0.0013041496276855469 24 9 1 0.14039015769958496 1 0.2793576717376709
dataset/stnu/0796 1 0.0015382766723632812 30 9 1 0.14069676399230957 1 0.28638553619384766
dataset/stnu/0797 1 0.0013277530670166016 18 7 1 0.14231252670288086 1 0.2545762062072754
dataset/stnu/0798 1 0.0014998912811279297 36 9 1 0.1444721221923828 1 0.28652095794677734
dataset/stnu/0799 1 0.0014770030975341797 36 9 1 0.1421658992767334 1 0.30928897857666016
dataset/stnu/0800 1 0.0016112327575683594 36 9 1 0.14460134506225586 1 0.30054140090942383
dataset/stnu/0801 1 0.001317739486694336 24 7 1 0.14387083053588867 1 0.2559473514556885
dataset/stnu/0802 1 0.0014643669128417969 30 9 1 0.1415417194366455 1 0.2625918388366699
dataset/stnu/0803 1 0.0014851093292236328 30 9 1 0.1427931785583496 1 0.3005332946777344
dataset/stnu/0804 1 0.0013003349304199219 18 7 1 0.1388716697692871 1 0.24369239807128906
dataset/stnu/0805 1 0.00152587890625 36 9 1 0.1444389820098877 1 0.28876471519470215
dataset/stnu/0806 1 0.0012683868408203125 24 7 1 0.1439971923828125 1 0.24405455589294434
dataset/stnu/0807 1 0.0013976097106933594 30 7 1 0.13921570777893066 1 0.2507197856903076
dataset/stnu/0808 1 0.0012781620025634766 18 9 1 0.14028263092041016 1 0.2604391574859619
dataset/stnu/0809 1 0.0012962818145751953 18 7 1 0.13467931747436523 1 0.25545430183410645
dataset/stnu/0810 1 0.001245260238647461 18 7 1 0.14282965660095215 1 0.25916624069213867
dataset/stnu/0811 1 0.0013616085052490234 24 9 1 0.1431422233581543 1 0.31583404541015625
dataset/stnu/0812 1 0.0014328956604003906 24 9 1 0.14031195640563965 1 0.28439760208129883
dataset/stnu/0813 1 0.0014264583587646484 24 9 1 0.15488195419311523 1 0.2827303409576416
dataset/stnu/0814 1 0.0025033950805664062 24 7 1 0.14805030822753906 1 0.2606527805328369
dataset/stnu/0815 1 0.0014846324920654297 30 9 1 0.14139056205749512 1 0.3408682346343994
dataset/stnu/0816 1 0.0013899803161621094 24 9 1 0.14067292213439941 1 0.30671000480651855
dataset/stnu/0817 1 0.0014472007751464844 30 9 1 0.15183043479919434 1 0.2845032215118408
dataset/stnu/0818 1 0.0016193389892578125 36 9 1 0.14247441291809082 1 0.29066014289855957
dataset/stnu/0819 1 0.0015795230865478516 36 9 1 0.1508183479309082 1 0.36162352561950684
dataset/stnu/0820 1 0.0014109611511230469 24 9 1 0.15901589393615723 1 0.28728175163269043
dataset/stnu/0821 1 0.0015208721160888672 30 9 1 0.14342045783996582 1 0.36177897453308105
dataset/stnu/0822 1 0.001386880874633789 24 9 1 0.1405653953552246 1 0.27440714836120605
dataset/stnu/0823 1 0.0015513896942138672 36 9 1 0.14580464363098145 1 0.33112287521362305
dataset/stnu/0824 1 0.0015702247619628906 36 9 1 0.14307212829589844 1 0.3301990032196045
dataset/stnu/0825 1 0.0015299320220947266 36 9 1 0.14144372940063477 1 0.288806676864624
dataset/stnu/0826 1 0.0014424324035644531 30 9 1 0.14902591705322266 1 0.33592963218688965
dataset/stnu/0827 1 0.0013654232025146484 24 9 1 0.14034152030944824 1 0.3081541061401367
dataset/stnu/0828 1 0.001300811767578125 24 9 1 0.1402120590209961 1 0.2667827606201172
dataset/stnu/0829 1 0.0013515949249267578 24 9 1 0.14231133460998535 1 0.2792654037475586
dataset/stnu/0830 1 0.0024421215057373047 36 7 1 0.14033865928649902 1 0.2578110694885254
dataset/stnu/0831 1 0.0012581348419189453 18 9 1 0.14110898971557617 1 0.25513482093811035
dataset/stnu/0832 1 0.001338958740234375 24 7 1 0.1477491855621338 1 0.25772643089294434
dataset/stnu/0833 1 0.0014584064483642578 30 9 1 0.14703822135925293 1 0.3567812442779541
dataset/stnu/0834 1 0.0014963150024414062 36 7 1 0.14330267906188965 1 0.25920605659484863
dataset/stnu/0835 1 0.0016252994537353516 36 9 1 0.14047837257385254 1 0.30979156494140625
dataset/stnu/0836 1 0.0014598369598388672 30 9 1 0.1420278549194336 1 0.2846548557281494
dataset/stnu/0837 1 0.0014998912811279297 36 9 1 0.14104795455932617 1 0.29772400856018066
dataset/stnu/0838 1 0.0013453960418701172 18 9 1 0.14102697372436523 1 0.31471920013427734
dataset/stnu/0839 1 0.0013849735260009766 24 9 1 0.14294648170471191 1 0.2629704475402832
dataset/stnu/0840 1 0.0015208721160888672 36 9 1 0.14099454879760742 1 0.36565423011779785
dataset/stnu/0841 1 0.0016155242919921875 36 9 1 0.1432020664215088 1 0.30360865592956543
dataset/stnu/0842 1 0.0015172958374023438 36 9 1 0.1423940658569336 1 0.2913186550140381
dataset/stnu/0843 1 0.0014982223510742188 30 9 1 0.1464858055114746 1 0.36544203758239746
dataset/stnu/0844 1 0.0012600421905517578 18 7 1 0.1440596580505371 1 0.26233959197998047
dataset/stnu/0845 1 0.0013964176177978516 24 7 1 0.14089727401733398 1 0.26342129707336426
dataset/stnu/0846 1 0.0013689994812011719 24 9 1 0.15238094329833984 1 0.2729043960571289
dataset/stnu/0847 1 0.0014421939849853516 30 9 1 0.14144301414489746 1 0.3566243648529053
dataset/stnu/0848 1 0.0012676715850830078 18 7 1 0.1409757137298584 1 0.2588798999786377
dataset/stnu/0849 1 0.0012803077697753906 18 7 1 0.1417989730834961 1 0.26201701164245605
dataset/stnu/0850 1 0.001434326171875 24 9 1 0.14288759231567383 1 0.2629537582397461
dataset/stnu/0851 1 0.0015146732330322266 36 9 1 0.14302539825439453 1 0.32221150398254395
dataset/stnu/0852 1 0.002361297607421875 30 9 1 0.14407801628112793 1 0.3381226062774658
dataset/stnu/0853 1 0.0014414787292480469 36 9 1 0.1439189910888672 1 0.3497803211212158
dataset/stnu/0854 1 0.001402139663696289 24 9 1 0.1407485008239746 1 0.3651731014251709
dataset/stnu/0855 1 0.0015404224395751953 36 9 1 0.14067721366882324 1 0.3583359718322754
dataset/stnu/0856 1 0.0014536380767822266 36 7 1 0.14875030517578125 1 0.26818299293518066
dataset/stnu/0857 1 0.0012600421905517578 24 7 1 0.15850114822387695 1 0.25373148918151855
dataset/stnu/0858 1 0.001667022705078125 36 9 1 0.13698840141296387 1 0.3113415241241455
dataset/stnu/0859 1 0.0013425350189208984 24 9 1 0.1367332935333252 1 0.3056063652038574
dataset/stnu/0860 1 0.0013649463653564453 18 9 1 0.14510059356689453 1 0.27553772926330566
dataset/stnu/0861 1 0.0013644695281982422 24 9 1 0.14386296272277832 1 0.2676200866699219
dataset/stnu/0862 1 0.0014719963073730469 36 9 1 0.14676356315612793 1 0.28172779083251953
dataset/stnu/0863 1 0.00156402587890625 36 9 1 0.13972735404968262 1 0.29259419441223145
dataset/stnu/0864 1 0.001369476318359375 24 9 1 0.14066743850708008 1 0.28238368034362793
dataset/stnu/0865 1 0.0012862682342529297 24 7 1 0.13985896110534668 1 0.2609412670135498
dataset/stnu/0866 1 0.0013897418975830078 24 7 1 0.14074301719665527 1 0.25278377532958984
dataset/stnu/0867 1 0.0014216899871826172 36 7 1 0.13991832733154297 1 0.2831113338470459
dataset/stnu/0868 1 0.0024118423461914062 30 9 1 0.14144515991210938 1 0.2929410934448242
dataset/stnu/0869 1 0.0015583038330078125 36 9 1 0.13857412338256836 1 0.34734106063842773
dataset/stnu/0870 1 0.0014600753784179688 30 9 1 0.14399290084838867 1 0.35663485527038574
dataset/stnu/0871 1 0.0015070438385009766 36 9 1 0.1411142349243164 1 0.32578611373901367
dataset/stnu/0872 1 0.0014386177062988281 30 9 1 0.14011478424072266 1 0.2855854034423828
dataset/stnu/0873 1 0.0014941692352294922 36 9 1 0.14108633995056152 1 0.36159825325012207
dataset/stnu/0874 1 0.0013828277587890625 24 9 1 0.142164945602417 1 0.2557227611541748
dataset/stnu/0875 1 0.0014901161193847656 30 9 1 0.1450660228729248 1 0.28946518898010254
dataset/stnu/0876 1 0.0012171268463134766 18 7 1 0.13985562324523926 1 0.24618768692016602
dataset/stnu/0877 1 0.0013682842254638672 18 7 1 0.1424717903137207 1 0.2701237201690674
dataset/stnu/0878 1 0.0015120506286621094 36 9 1 0.14034819602966309 1 0.2773246765136719
dataset/stnu/0879 1 0.0013041496276855469 24 9 1 0.14220499992370605 1 0.27856016159057617
dataset/stnu/0880 1 0.0014276504516601562 30 9 1 0.14261674880981445 1 0.31125617027282715
dataset/stnu/0881 1 0.0014529228210449219 30 9 1 0.14568042755126953 1 0.25512123107910156
dataset/stnu/0882 1 0.001432180404663086 24 9 1 0.14294195175170898 1 0.2855720520019531
dataset/stnu/0883 1 0.0014190673828125 24 9 1 0.14709854125976562 1 0.3216533660888672
dataset/stnu/0884 1 0.0014941692352294922 30 9 1 0.14049863815307617 1 0.31731700897216797
dataset/stnu/0885 1 0.0013499259948730469 30 9 1 0.14025163650512695 1 0.2756173610687256
dataset/stnu/0886 1 0.0015714168548583984 36 9 1 0.14348840713500977 1 0.28029775619506836
dataset/stnu/0887 1 0.0014646053314208984 30 9 1 0.14593911170959473 1 0.2850937843322754
dataset/stnu/0888 1 0.0014541149139404297 30 9 1 0.13341450691223145 1 0.29906249046325684
dataset/stnu/0889 1 0.0013680458068847656 24 9 1 0.14664649963378906 1 0.28470826148986816
dataset/stnu/0890 1 0.0015103816986083984 36 9 1 0.13998913764953613 1 0.31263256072998047
dataset/stnu/0891 1 0.0013813972473144531 24 9 1 0.14487385749816895 1 0.275524377822876
dataset/stnu/0892 1 0.0014226436614990234 24 9 1 0.14033031463623047 1 0.26468706130981445
dataset/stnu/0893 1 0.001287698745727539 24 9 1 0.15077614784240723 1 0.2768270969390869
dataset/stnu/0894 1 0.0014317035675048828 24 9 1 0.14147686958312988 1 0.27704739570617676
dataset/stnu/0895 1 0.0014979839324951172 30 9 1 0.13774609565734863 1 0.31175661087036133
dataset/stnu/0896 1 0.0013513565063476562 24 7 1 0.14548969268798828 1 0.2576897144317627
dataset/stnu/0897 1 0.0013887882232666016 30 9 1 0.14513802528381348 1 0.3196399211883545
dataset/stnu/0898 1 0.001405954360961914 24 9 1 0.15441060066223145 1 0.27559900283813477
dataset/stnu/0899 1 0.0015325546264648438 36 9 1 0.14888262748718262 1 0.3482367992401123
dataset/stnu/0900 1 0.0012354850769042969 18 7 1 0.1453540325164795 1 0.25359058380126953
dataset/stnu/0901 1 0.0012600421905517578 18 7 1 0.14118432998657227 1 0.24651646614074707
dataset/stnu/0902 1 0.0013744831085205078 24 9 1 0.14016270637512207 1 0.26631951332092285
dataset/stnu/0903 1 0.0013926029205322266 24 9 1 0.14197778701782227 1 0.3121938705444336
dataset/stnu/0904 1 0.0013446807861328125 24 7 1 0.14702057838439941 1 0.2564878463745117
dataset/stnu/0905 1 0.0015330314636230469 36 9 1 0.14298462867736816 1 0.29999876022338867
dataset/stnu/0906 1 0.002271890640258789 36 9 1 0.14146661758422852 1 0.30753564834594727
dataset/stnu/0907 1 0.0015604496002197266 36 9 1 0.1415090560913086 1 0.32462620735168457
dataset/stnu/0908 1 0.0014872550964355469 36 9 1 0.14164996147155762 1 0.3110647201538086
dataset/stnu/0909 1 0.0014472007751464844 30 9 1 0.13864731788635254 1 0.3401913642883301
dataset/stnu/0910 1 0.0015041828155517578 36 9 1 0.1455821990966797 1 0.3031885623931885
dataset/stnu/0911 1 0.0014507770538330078 30 9 1 0.14831757545471191 1 0.3067922592163086
dataset/stnu/0912 1 0.001384735107421875 24 9 1 0.1442708969116211 1 0.27381205558776855
dataset/stnu/0913 1 0.001356363296508789 24 7 1 0.1394939422607422 1 0.26056718826293945
dataset/stnu/0914 1 0.0015125274658203125 36 9 1 0.14609241485595703 1 0.3487980365753174
dataset/stnu/0915 1 0.0015010833740234375 30 9 1 0.1398911476135254 1 0.323932409286499
dataset/stnu/0916 1 0.0014650821685791016 30 9 1 0.1412510871887207 1 0.29346323013305664
dataset/stnu/0917 1 0.001338958740234375 24 7 1 0.14023685455322266 1 0.25216078758239746
dataset/stnu/0918 1 0.0013644695281982422 18 9 1 0.1393589973449707 1 0.2625420093536377
dataset/stnu/0919 1 0.0015177726745605469 36 9 1 0.1446232795715332 1 0.28818798065185547
dataset/stnu/0920 1 0.0014607906341552734 30 9 1 0.14067554473876953 1 0.29021525382995605
dataset/stnu/0921 1 0.001577138900756836 36 9 1 0.14566373825073242 1 0.34832048416137695
dataset/stnu/0922 1 0.00275421142578125 36 9 1 0.1438148021697998 1 0.346111536026001
dataset/stnu/0923 1 0.0015192031860351562 24 7 1 0.14035868644714355 1 0.2852013111114502
dataset/stnu/0924 1 0.0014057159423828125 30 7 1 0.14015436172485352 1 0.2446763515472412
dataset/stnu/0925 1 0.0014002323150634766 24 9 1 0.144273042678833 1 0.2767148017883301
dataset/stnu/0926 1 0.001356363296508789 18 9 1 0.1470189094543457 1 0.2600996494293213
dataset/stnu/0927 1 0.001529693603515625 36 9 1 0.14087939262390137 1 0.3417203426361084
dataset/stnu/0928 1 0.001298666000366211 18 9 1 0.13560819625854492 1 0.26007509231567383
dataset/stnu/0929 1 0.001397848129272461 30 7 1 0.14031648635864258 1 0.23647165298461914
dataset/stnu/0930 1 0.0012290477752685547 18 9 1 0.144575834274292 1 0.2691159248352051
dataset/stnu/0931 1 0.0016214847564697266 36 9 1 0.14180302619934082 1 0.3571200370788574
dataset/stnu/0932 1 0.00154876708984375 30 9 1 0.1393280029296875 1 0.32573747634887695
dataset/stnu/0933 1 0.002685070037841797 36 9 1 0.1429598331451416 1 0.33849382400512695
dataset/stnu/0934 1 0.0015225410461425781 36 9 1 0.14764976501464844 1 0.31058526039123535
dataset/stnu/0935 1 0.0014393329620361328 30 9 1 0.14196491241455078 1 0.342379093170166
dataset/stnu/0936 1 0.0014801025390625 36 9 1 0.1399378776550293 1 0.35668373107910156
dataset/stnu/0937 1 0.0014526844024658203 30 9 1 0.14042162895202637 1 0.29355573654174805
dataset/stnu/0938 1 0.0014357566833496094 30 9 1 0.14341163635253906 1 0.27770209312438965
dataset/stnu/0939 1 0.001659393310546875 36 9 1 0.139862060546875 1 0.34827494621276855
dataset/stnu/0940 1 0.0016319751739501953 36 9 1 0.15615367889404297 1 0.35589003562927246
dataset/stnu/0941 1 0.0013301372528076172 18 7 1 0.1409921646118164 1 0.24890875816345215
dataset/stnu/0942 1 0.0012793540954589844 24 9 1 0.1589665412902832 1 0.25931406021118164
dataset/stnu/0943 1 0.0014693737030029297 36 9 1 0.13993430137634277 1 0.30681538581848145
dataset/stnu/0944 1 0.0015265941619873047 36 9 1 0.14280223846435547 1 0.3201887607574463
dataset/stnu/0945 1 0.0014159679412841797 30 7 1 0.14107871055603027 1 0.2566678524017334
dataset/stnu/0946 1 0.001535177230834961 36 9 1 0.13888239860534668 1 0.3454296588897705
dataset/stnu/0947 1 0.0015327930450439453 36 9 1 0.13461971282958984 1 0.27478909492492676
dataset/stnu/0948 1 0.0014395713806152344 36 9 1 0.14797544479370117 1 0.3412892818450928
dataset/stnu/0949 1 0.0014255046844482422 30 9 1 0.1486678123474121 1 0.32878589630126953
dataset/stnu/0950 1 0.0015408992767333984 36 9 1 0.14125394821166992 1 0.33930039405822754
dataset/stnu/0951 1 0.0012590885162353516 18 7 1 0.15025544166564941 1 0.2358405590057373
dataset/stnu/0952 1 0.0014646053314208984 24 9 1 0.14265799522399902 1 0.2712070941925049
dataset/stnu/0953 1 0.0014374256134033203 30 9 1 0.1443617343902588 1 0.30694103240966797
dataset/stnu/0954 1 0.002249002456665039 30 9 1 0.14129090309143066 1 0.30664968490600586
dataset/stnu/0955 1 0.0012967586517333984 18 7 1 0.14804768562316895 1 0.2783231735229492
dataset/stnu/0956 1 0.0014035701751708984 30 7 1 0.14097142219543457 1 0.2655959129333496
dataset/stnu/0957 1 0.0014276504516601562 30 9 1 0.14046597480773926 1 0.2971765995025635
dataset/stnu/0958 1 0.0015497207641601562 36 7 1 0.14284110069274902 1 0.25576233863830566
dataset/stnu/0959 1 0.0014750957489013672 30 9 1 0.1398296356201172 1 0.33936119079589844
dataset/stnu/0960 1 0.0014834403991699219 30 9 1 0.14149975776672363 1 0.30971240997314453
dataset/stnu/0961 1 0.0013709068298339844 30 9 1 0.14643049240112305 1 0.3132333755493164
dataset/stnu/0962 1 0.0015594959259033203 36 9 1 0.1426386833190918 1 0.28684353828430176
dataset/stnu/0963 1 0.0015444755554199219 36 9 1 0.14194679260253906 1 0.350757360458374
dataset/stnu/0964 1 0.0013995170593261719 24 7 1 0.1412801742553711 1 0.24669361114501953
dataset/stnu/0965 1 0.0012500286102294922 18 7 1 0.14046859741210938 1 0.24550342559814453
dataset/stnu/0966 1 0.0013954639434814453 24 9 1 0.14068961143493652 1 0.29081010818481445
dataset/stnu/0967 1 0.0013856887817382812 24 9 1 0.1411452293395996 1 0.30767130851745605
dataset/stnu/0968 1 0.0015451908111572266 36 9 1 0.14376544952392578 1 0.35707640647888184
dataset/stnu/0969 1 0.0015246868133544922 36 9 1 0.1395549774169922 1 0.34685802459716797
dataset/stnu/0970 1 0.0014979839324951172 30 9 1 0.14830660820007324 1 0.3109700679779053
dataset/stnu/0971 1 0.0015561580657958984 36 9 1 0.1566789150238037 1 0.3353242874145508
dataset/stnu/0972 1 0.0013570785522460938 24 7 1 0.14612388610839844 1 0.249924898147583
dataset/stnu/0973 1 0.001577138900756836 36 9 1 0.14531326293945312 1 0.2990877628326416
dataset/stnu/0974 1 0.0013349056243896484 18 9 1 0.1459648609161377 1 0.2601768970489502
dataset/stnu/0975 1 0.0014719963073730469 30 9 1 0.14165592193603516 1 0.29421520233154297
dataset/stnu/0976 1 0.0014867782592773438 30 9 1 0.1406383514404297 1 0.28653860092163086
dataset/stnu/0977 1 0.0012936592102050781 24 9 1 0.14742040634155273 1 0.2606089115142822
dataset/stnu/0978 1 0.0013852119445800781 30 9 1 0.14190983772277832 1 0.3039827346801758
dataset/stnu/0979 1 0.001180887222290039 18 7 1 0.14457058906555176 1 0.2543971538543701
dataset/stnu/0980 1 0.0015456676483154297 36 9 1 0.14696812629699707 1 0.3273594379425049
dataset/stnu/0981 1 0.002612590789794922 36 9 1 0.13509798049926758 1 0.2756218910217285
dataset/stnu/0982 1 0.001201629638671875 18 7 1 0.14006876945495605 1 0.2674393653869629
dataset/stnu/0983 1 0.0012292861938476562 18 7 1 0.14403820037841797 1 0.2543044090270996
dataset/stnu/0984 1 0.0014705657958984375 36 9 1 0.15093302726745605 1 0.3202061653137207
dataset/stnu/0985 1 0.001560211181640625 36 9 1 0.1420612335205078 1 0.3183600902557373
dataset/stnu/0986 1 0.0015125274658203125 36 9 1 0.14499402046203613 1 0.36399221420288086
dataset/stnu/0987 1 0.0013892650604248047 24 9 1 0.1401355266571045 1 0.27187657356262207
dataset/stnu/0988 1 0.0016121864318847656 36 9 1 0.14146065711975098 1 0.3486471176147461
dataset/stnu/0989 1 0.0014731884002685547 36 7 1 0.14862751960754395 1 0.26432108879089355
dataset/stnu/0990 1 0.0014414787292480469 36 9 1 0.1465764045715332 1 0.34325671195983887
dataset/stnu/0991 1 0.0014922618865966797 30 9 1 0.14095115661621094 1 0.31623196601867676
dataset/stnu/0992 1 0.0012097358703613281 18 7 1 0.14788031578063965 1 0.2505178451538086
dataset/stnu/0993 1 0.0013990402221679688 30 9 1 0.14034652709960938 1 0.2674977779388428
dataset/stnu/0994 1 0.0013117790222167969 18 7 1 0.14095783233642578 1 0.25666165351867676
dataset/stnu/0995 1 0.001573801040649414 36 9 1 0.1410226821899414 1 0.35279202461242676
dataset/stnu/0996 1 0.0014424324035644531 24 9 1 0.14106988906860352 1 0.28870320320129395
dataset/stnu/0997 1 0.0015597343444824219 36 9 1 0.14004969596862793 1 0.36136913299560547
dataset/stnu/0998 1 0.0014438629150390625 36 7 1 0.14692187309265137 1 0.2670321464538574
dataset/stnu/0999 1 0.0015339851379394531 36 9 1 0.1440579891204834 1 0.3308253288269043
dataset/stnu/1000 1 0.0015995502471923828 36 9 1 0.1445314884185791 1 0.3274524211883545
